1756611236222 0.0 50
1756611237816 3.0 100
1756611239462 3.0 150
1756611240990 3.0 200
1756611242596 3.0 250
1756611244216 3.0 300
1756611245755 3.0 350
1756611247265 3.0 400
1756611248773 3.0 450
1756611249964 3.0 500
1756611251935 4.0 550
1756611253752 4.0 600
1756611255266 4.0 650
1756611256758 6.0 700
1756611258317 6.0 750
1756611260806 6.0 800
1756611262442 7.0 850
1756611263654 7.0 900
1756611265238 7.0 950
1756611266390 8.0 1000
1756611268336 8.0 1050
1756611269419 9.0 1100
1756611270325 12.0 1150
1756611271632 12.0 1200
1756611273537 12.0 1250
1756611275153 12.0 1300
1756611277074 13.0 1350
1756611278623 15.0 1400
1756611280142 15.0 1450
1756611281539 15.0 1500
1756611283012 15.0 1550
1756611284432 16.0 1600
1756611285888 17.0 1650
1756611287051 17.0 1700
1756611288652 17.0 1750
1756611290268 18.0 1800
1756611291861 18.0 1850
1756611293336 18.0 1900
1756611294663 18.0 1950
1756611296487 20.0 2000
1756611297799 20.0 2050
1756611299385 21.0 2100
1756611300749 21.0 2150
1756611302288 22.0 2200
1756611303566 22.0 2250
1756611304874 23.0 2300
1756611306395 24.0 2350
1756611307832 24.0 2400
1756611309268 24.0 2450
1756611310628 24.0 2500
1756611312234 25.0 2550
1756611313648 25.0 2600
1756611315164 25.0 2650
1756611316962 25.0 2700
1756611318631 25.0 2750
1756611320075 25.0 2800
1756611321781 25.0 2850
1756611322767 25.0 2900
1756611324183 25.0 2950
1756611325290 25.0 3000
1756611326973 27.0 3050
1756611328571 27.0 3100
1756611329847 30.0 3150
1756611331133 31.0 3200
1756611332872 31.0 3250
1756611334880 31.0 3300
1756611336181 31.0 3350
1756611337638 32.0 3400
1756611339009 32.0 3450
1756611340377 33.0 3500
1756611342156 34.0 3550
1756611343862 34.0 3600
1756611345491 35.0 3650
1756611346576 36.0 3700
1756611348425 36.0 3750
1756611350554 37.0 3800
1756611352185 37.0 3850
1756611353873 39.0 3900
1756611355245 39.0 3950
1756611356865 39.0 4000
1756611358441 39.0 4050
1756611360084 39.0 4100
1756611361994 40.0 4150
1756611363337 40.0 4200
1756611364799 40.0 4250
1756611366238 40.0 4300
1756611367560 40.0 4350
1756611368674 40.0 4400
1756611370585 40.0 4450
1756611372241 42.0 4500
1756611373636 42.0 4550
1756611375445 42.0 4600
1756611377485 44.0 4650
1756611379416 45.0 4700
1756611380880 45.0 4750
1756611382134 45.0 4800
1756611383431 45.0 4850
1756611384993 45.0 4900
1756611386800 45.0 4950
1756611388336 46.0 5000
1756611389474 47.0 5050
1756611390860 47.0 5100
1756611392397 48.0 5150
1756611393661 50.0 5200
1756611395109 51.0 5250
1756611396526 52.0 5300
1756611397850 53.0 5350
1756611399257 53.0 5400
1756611400806 53.0 5450
1756611402175 56.0 5500
1756611403327 56.0 5550
1756611404789 57.0 5600
1756611406314 57.0 5650
1756611408556 57.0 5700
1756611410247 59.0 5750
1756611411475 59.0 5800
1756611413051 60.0 5850
1756611414710 61.0 5900
1756611415606 61.0 5950
1756611416920 61.0 6000
1756611418941 61.0 6050
1756611420235 62.0 6100
1756611421776 62.0 6150
1756611423556 63.0 6200
1756611424960 63.0 6250
1756611426575 63.0 6300
1756611428111 63.0 6350
1756611429510 63.0 6400
1756611431544 64.0 6450
1756611432999 64.0 6500
1756611435087 64.0 6550
1756611436394 65.0 6600
1756611437980 65.0 6650
1756611439578 65.0 6700
1756611441107 66.0 6750
1756611442355 66.0 6800
1756611444021 66.0 6850
1756611445645 66.0 6900
1756611446990 66.0 6950
1756611448312 66.0 7000
1756611449703 66.0 7050
1756611451445 67.0 7100
1756611452904 67.0 7150
1756611454541 67.0 7200
1756611456364 67.0 7250
1756611457982 67.0 7300
1756611459607 67.0 7350
1756611461062 68.0 7400
1756611463096 68.0 7450
1756611464645 68.0 7500
1756611466098 69.0 7550
1756611467206 70.0 7600
1756611468746 71.0 7650
1756611470253 72.0 7700
1756611471644 72.0 7750
1756611473357 73.0 7800
1756611474743 75.0 7850
1756611476185 75.0 7900
1756611477559 76.0 7950
1756611479223 76.0 8000
1756611480696 76.0 8050
1756611482127 77.0 8100
1756611483574 77.0 8150
1756611485024 78.0 8200
1756611487028 79.0 8250
