1756611236222 50.0 50
1756611237816 97.0 100
1756611239462 147.0 150
1756611240990 197.0 200
1756611242596 247.0 250
1756611244216 297.0 300
1756611245755 347.0 350
1756611247265 397.0 400
1756611248773 447.0 450
1756611249964 497.0 500
1756611251935 546.0 550
1756611253752 596.0 600
1756611255266 646.0 650
1756611256758 694.0 700
1756611258317 744.0 750
1756611260806 794.0 800
1756611262442 843.0 850
1756611263654 893.0 900
1756611265238 943.0 950
1756611266390 992.0 1000
1756611268336 1042.0 1050
1756611269419 1091.0 1100
1756611270325 1138.0 1150
1756611271632 1188.0 1200
1756611273537 1238.0 1250
1756611275153 1288.0 1300
1756611277074 1337.0 1350
1756611278623 1385.0 1400
1756611280142 1435.0 1450
1756611281539 1485.0 1500
1756611283012 1535.0 1550
1756611284432 1584.0 1600
1756611285888 1633.0 1650
1756611287051 1683.0 1700
1756611288652 1733.0 1750
1756611290268 1782.0 1800
1756611291861 1832.0 1850
1756611293336 1882.0 1900
1756611294663 1932.0 1950
1756611296487 1980.0 2000
1756611297799 2030.0 2050
1756611299385 2079.0 2100
1756611300749 2129.0 2150
1756611302288 2178.0 2200
1756611303566 2228.0 2250
1756611304874 2277.0 2300
1756611306395 2326.0 2350
1756611307832 2376.0 2400
1756611309268 2426.0 2450
1756611310628 2476.0 2500
1756611312234 2525.0 2550
1756611313648 2575.0 2600
1756611315164 2625.0 2650
1756611316962 2675.0 2700
1756611318631 2725.0 2750
1756611320075 2775.0 2800
1756611321781 2825.0 2850
1756611322767 2875.0 2900
1756611324183 2925.0 2950
1756611325290 2975.0 3000
1756611326973 3023.0 3050
1756611328571 3073.0 3100
1756611329847 3120.0 3150
1756611331133 3169.0 3200
1756611332872 3219.0 3250
1756611334880 3269.0 3300
1756611336181 3319.0 3350
1756611337638 3368.0 3400
1756611339009 3418.0 3450
1756611340377 3467.0 3500
1756611342156 3516.0 3550
1756611343862 3566.0 3600
1756611345491 3615.0 3650
1756611346576 3664.0 3700
1756611348425 3714.0 3750
1756611350554 3763.0 3800
1756611352185 3813.0 3850
1756611353873 3861.0 3900
1756611355245 3911.0 3950
1756611356865 3961.0 4000
1756611358441 4011.0 4050
1756611360084 4061.0 4100
1756611361994 4110.0 4150
1756611363337 4160.0 4200
1756611364799 4210.0 4250
1756611366238 4260.0 4300
1756611367560 4310.0 4350
1756611368674 4360.0 4400
1756611370585 4410.0 4450
1756611372241 4458.0 4500
1756611373636 4508.0 4550
1756611375445 4558.0 4600
1756611377485 4606.0 4650
1756611379416 4655.0 4700
1756611380880 4705.0 4750
1756611382134 4755.0 4800
1756611383431 4805.0 4850
1756611384993 4855.0 4900
1756611386800 4905.0 4950
1756611388336 4954.0 5000
1756611389474 5003.0 5050
1756611390860 5053.0 5100
1756611392397 5102.0 5150
1756611393661 5150.0 5200
1756611395109 5199.0 5250
1756611396526 5248.0 5300
1756611397850 5297.0 5350
1756611399257 5347.0 5400
1756611400806 5397.0 5450
1756611402175 5444.0 5500
1756611403327 5494.0 5550
1756611404789 5543.0 5600
1756611406314 5593.0 5650
1756611408556 5643.0 5700
1756611410247 5691.0 5750
1756611411475 5741.0 5800
1756611413051 5790.0 5850
1756611414710 5839.0 5900
1756611415606 5889.0 5950
1756611416920 5939.0 6000
1756611418941 5989.0 6050
1756611420235 6038.0 6100
1756611421776 6088.0 6150
1756611423556 6137.0 6200
1756611424960 6187.0 6250
1756611426575 6237.0 6300
1756611428111 6287.0 6350
1756611429510 6337.0 6400
1756611431544 6386.0 6450
1756611432999 6436.0 6500
1756611435087 6486.0 6550
1756611436394 6535.0 6600
1756611437980 6585.0 6650
1756611439578 6635.0 6700
1756611441107 6684.0 6750
1756611442355 6734.0 6800
1756611444021 6784.0 6850
1756611445645 6834.0 6900
1756611446990 6884.0 6950
1756611448312 6934.0 7000
1756611449703 6984.0 7050
1756611451445 7033.0 7100
1756611452904 7083.0 7150
1756611454541 7133.0 7200
1756611456364 7183.0 7250
1756611457982 7233.0 7300
1756611459607 7283.0 7350
1756611461062 7332.0 7400
1756611463096 7382.0 7450
1756611464645 7432.0 7500
1756611466098 7481.0 7550
1756611467206 7530.0 7600
1756611468746 7579.0 7650
1756611470253 7628.0 7700
1756611471644 7678.0 7750
1756611473357 7727.0 7800
1756611474743 7775.0 7850
1756611476185 7825.0 7900
1756611477559 7874.0 7950
1756611479223 7924.0 8000
1756611480696 7974.0 8050
1756611482127 8023.0 8100
1756611483574 8073.0 8150
1756611485024 8122.0 8200
1756611487028 8171.0 8250
