1756611236222 50.0 50
1756611237816 100.0 100
1756611239462 150.0 150
1756611240990 200.0 200
1756611242596 250.0 250
1756611244216 300.0 300
1756611245755 350.0 350
1756611247265 400.0 400
1756611248773 450.0 450
1756611249964 500.0 500
1756611251935 550.0 550
1756611253752 600.0 600
1756611255266 650.0 650
1756611256758 700.0 700
1756611258317 750.0 750
1756611260806 800.0 800
1756611262442 850.0 850
1756611263654 900.0 900
1756611265238 950.0 950
1756611266390 1000.0 1000
1756611268336 1050.0 1050
1756611269419 1100.0 1100
1756611270325 1150.0 1150
1756611271632 1200.0 1200
1756611273537 1250.0 1250
1756611275153 1300.0 1300
1756611277074 1350.0 1350
1756611278623 1400.0 1400
1756611280142 1450.0 1450
1756611281539 1500.0 1500
1756611283012 1550.0 1550
1756611284432 1600.0 1600
1756611285888 1650.0 1650
1756611287051 1700.0 1700
1756611288652 1750.0 1750
1756611290268 1800.0 1800
1756611291861 1850.0 1850
1756611293336 1900.0 1900
1756611294663 1950.0 1950
1756611296487 2000.0 2000
1756611297799 2050.0 2050
1756611299385 2100.0 2100
1756611300749 2150.0 2150
1756611302288 2200.0 2200
1756611303566 2250.0 2250
1756611304874 2300.0 2300
1756611306395 2350.0 2350
1756611307832 2400.0 2400
1756611309268 2450.0 2450
1756611310628 2500.0 2500
1756611312234 2550.0 2550
1756611313648 2600.0 2600
1756611315164 2650.0 2650
1756611316962 2700.0 2700
1756611318631 2750.0 2750
1756611320075 2800.0 2800
1756611321781 2850.0 2850
1756611322767 2900.0 2900
1756611324183 2950.0 2950
1756611325290 3000.0 3000
1756611326973 3050.0 3050
1756611328571 3100.0 3100
1756611329847 3150.0 3150
1756611331133 3200.0 3200
1756611332872 3250.0 3250
1756611334880 3300.0 3300
1756611336181 3350.0 3350
1756611337638 3400.0 3400
1756611339009 3450.0 3450
1756611340377 3500.0 3500
1756611342156 3550.0 3550
1756611343862 3600.0 3600
1756611345491 3650.0 3650
1756611346576 3700.0 3700
1756611348425 3750.0 3750
1756611350554 3800.0 3800
1756611352185 3850.0 3850
1756611353873 3900.0 3900
1756611355245 3950.0 3950
1756611356865 4000.0 4000
1756611358441 4050.0 4050
1756611360084 4100.0 4100
1756611361994 4150.0 4150
1756611363337 4200.0 4200
1756611364799 4250.0 4250
1756611366238 4300.0 4300
1756611367560 4350.0 4350
1756611368674 4400.0 4400
1756611370585 4450.0 4450
1756611372241 4500.0 4500
1756611373636 4550.0 4550
1756611375445 4600.0 4600
1756611377485 4650.0 4650
1756611379416 4700.0 4700
1756611380880 4750.0 4750
1756611382134 4800.0 4800
1756611383431 4850.0 4850
1756611384993 4900.0 4900
1756611386800 4950.0 4950
1756611388336 5000.0 5000
1756611389474 5050.0 5050
1756611390860 5100.0 5100
1756611392397 5150.0 5150
1756611393661 5200.0 5200
1756611395109 5250.0 5250
1756611396526 5300.0 5300
1756611397850 5350.0 5350
1756611399257 5400.0 5400
1756611400806 5450.0 5450
1756611402175 5500.0 5500
1756611403327 5550.0 5550
1756611404789 5600.0 5600
1756611406314 5650.0 5650
1756611408556 5700.0 5700
1756611410247 5750.0 5750
1756611411475 5800.0 5800
1756611413051 5850.0 5850
1756611414710 5900.0 5900
1756611415606 5950.0 5950
1756611416920 6000.0 6000
1756611418941 6050.0 6050
1756611420235 6100.0 6100
1756611421776 6150.0 6150
1756611423556 6200.0 6200
1756611424960 6250.0 6250
1756611426575 6300.0 6300
1756611428111 6350.0 6350
1756611429510 6400.0 6400
1756611431544 6450.0 6450
1756611432999 6500.0 6500
1756611435087 6550.0 6550
1756611436394 6600.0 6600
1756611437980 6650.0 6650
1756611439578 6700.0 6700
1756611441107 6750.0 6750
1756611442355 6800.0 6800
1756611444021 6850.0 6850
1756611445645 6900.0 6900
1756611446990 6950.0 6950
1756611448312 7000.0 7000
1756611449703 7050.0 7050
1756611451445 7100.0 7100
1756611452904 7150.0 7150
1756611454541 7200.0 7200
1756611456364 7250.0 7250
1756611457982 7300.0 7300
1756611459607 7350.0 7350
1756611461062 7400.0 7400
1756611463096 7450.0 7450
1756611464645 7500.0 7500
1756611466098 7550.0 7550
1756611467206 7600.0 7600
1756611468746 7650.0 7650
1756611470253 7700.0 7700
1756611471644 7750.0 7750
1756611473357 7800.0 7800
1756611474743 7850.0 7850
1756611476185 7900.0 7900
1756611477559 7950.0 7950
1756611479223 8000.0 8000
1756611480696 8050.0 8050
1756611482127 8100.0 8100
1756611483574 8150.0 8150
1756611485024 8200.0 8200
1756611487028 8250.0 8250
