1756611236222 1022.0 50
1756611237816 2001.0 100
1756611239462 3105.0 150
1756611240990 3999.0 200
1756611242596 5052.0 250
1756611244216 6018.0 300
1756611245755 6868.0 350
1756611247265 7739.0 400
1756611248773 8681.0 450
1756611249964 9337.0 500
1756611251935 10622.0 550
1756611253752 11827.0 600
1756611255266 12704.0 650
1756611256758 13564.0 700
1756611258317 14533.0 750
1756611260806 16140.0 800
1756611262442 17125.0 850
1756611263654 17869.0 900
1756611265238 18888.0 950
1756611266390 19553.0 1000
1756611268336 20752.0 1050
1756611269419 21386.0 1100
1756611270325 21925.0 1150
1756611271632 22718.0 1200
1756611273537 23892.0 1250
1756611275153 24912.0 1300
1756611277074 26181.0 1350
1756611278623 27151.0 1400
1756611280142 28112.0 1450
1756611281539 28971.0 1500
1756611283012 29862.0 1550
1756611284432 30697.0 1600
1756611285888 31594.0 1650
1756611287051 32241.0 1700
1756611288652 33223.0 1750
1756611290268 34255.0 1800
1756611291861 35258.0 1850
1756611293336 36181.0 1900
1756611294663 37028.0 1950
1756611296487 38169.0 2000
1756611297799 38926.0 2050
1756611299385 39902.0 2100
1756611300749 40750.0 2150
1756611302288 41687.0 2200
1756611303566 42429.0 2250
1756611304874 43238.0 2300
1756611306395 44126.0 2350
1756611307832 44989.0 2400
1756611309268 45882.0 2450
1756611310628 46739.0 2500
1756611312234 47770.0 2550
1756611313648 48627.0 2600
1756611315164 49561.0 2650
1756611316962 50657.0 2700
1756611318631 51629.0 2750
1756611320075 52519.0 2800
1756611321781 53624.0 2850
1756611322767 54207.0 2900
1756611324183 55125.0 2950
1756611325290 55792.0 3000
1756611326973 56859.0 3050
1756611328571 57873.0 3100
1756611329847 58664.0 3150
1756611331133 59446.0 3200
1756611332872 60575.0 3250
1756611334880 61850.0 3300
1756611336181 62647.0 3350
1756611337638 63528.0 3400
1756611339009 64394.0 3450
1756611340377 65250.0 3500
1756611342156 66315.0 3550
1756611343862 67399.0 3600
1756611345491 68421.0 3650
1756611346576 69064.0 3700
1756611348425 70317.0 3750
1756611350554 71684.0 3800
1756611352185 72710.0 3850
1756611353873 73759.0 3900
1756611355245 74537.0 3950
1756611356865 75530.0 4000
1756611358441 76532.0 4050
1756611360084 77523.0 4100
1756611361994 78749.0 4150
1756611363337 79582.0 4200
1756611364799 80496.0 4250
1756611366238 81427.0 4300
1756611367560 82261.0 4350
1756611368674 82935.0 4400
1756611370585 84161.0 4450
1756611372241 85244.0 4500
1756611373636 86102.0 4550
1756611375445 87246.0 4600
1756611377485 88573.0 4650
1756611379416 89806.0 4700
1756611380880 90654.0 4750
1756611382134 91358.0 4800
1756611383431 92143.0 4850
1756611384993 93132.0 4900
1756611386800 94194.0 4950
1756611388336 95175.0 5000
1756611389474 95833.0 5050
1756611390860 96710.0 5100
1756611392397 97702.0 5150
1756611393661 98484.0 5200
1756611395109 99342.0 5250
1756611396526 100172.0 5300
1756611397850 100950.0 5350
1756611399257 101814.0 5400
1756611400806 102815.0 5450
1756611402175 103651.0 5500
1756611403327 104328.0 5550
1756611404789 105222.0 5600
1756611406314 106225.0 5650
1756611408556 107706.0 5700
1756611410247 108742.0 5750
1756611411475 109490.0 5800
1756611413051 110513.0 5850
1756611414710 111513.0 5900
1756611415606 112034.0 5950
1756611416920 112858.0 6000
1756611418941 114208.0 6050
1756611420235 115021.0 6100
1756611421776 115978.0 6150
1756611423556 117151.0 6200
1756611424960 118018.0 6250
1756611426575 119025.0 6300
1756611428111 119992.0 6350
1756611429510 120886.0 6400
1756611431544 122175.0 6450
1756611432999 123133.0 6500
1756611435087 124469.0 6550
1756611436394 125314.0 6600
1756611437980 126321.0 6650
1756611439578 127372.0 6700
1756611441107 128303.0 6750
1756611442355 129072.0 6800
1756611444021 130124.0 6850
1756611445645 131143.0 6900
1756611446990 131915.0 6950
1756611448312 132688.0 7000
1756611449703 133419.0 7050
1756611451445 134542.0 7100
1756611452904 135481.0 7150
1756611454541 136466.0 7200
1756611456364 137626.0 7250
1756611457982 138562.0 7300
1756611459607 139533.0 7350
1756611461062 140445.0 7400
1756611463096 141829.0 7450
1756611464645 142759.0 7500
1756611466098 143629.0 7550
1756611467206 144258.0 7600
1756611468746 145172.0 7650
1756611470253 146075.0 7700
1756611471644 146906.0 7750
1756611473357 148030.0 7800
1756611474743 148903.0 7850
1756611476185 149736.0 7900
1756611477559 150516.0 7950
1756611479223 151560.0 8000
1756611480696 152485.0 8050
1756611482127 153380.0 8100
1756611483574 154299.0 8150
1756611485024 155204.0 8200
1756611487028 156480.0 8250
