1756596059905 0.0 50
1756596061791 3.0 100
1756596063572 3.0 150
1756596065156 3.0 200
1756596066775 3.0 250
1756596068481 3.0 300
1756596069941 3.0 350
1756596071519 3.0 400
1756596073056 3.0 450
1756596074265 3.0 500
1756596076257 4.0 550
1756596078085 4.0 600
1756596079530 4.0 650
1756596080970 6.0 700
1756596082523 6.0 750
1756596085011 6.0 800
1756596086631 7.0 850
1756596087839 7.0 900
1756596089416 8.0 950
1756596090552 9.0 1000
1756596092533 9.0 1050
1756596093621 10.0 1100
1756596094533 13.0 1150
1756596095847 13.0 1200
1756596097732 13.0 1250
1756596099381 13.0 1300
1756596101389 14.0 1350
1756596103010 16.0 1400
1756596104499 16.0 1450
1756596105946 16.0 1500
1756596107395 16.0 1550
1756596108840 17.0 1600
1756596110302 18.0 1650
1756596111360 18.0 1700
1756596113047 18.0 1750
1756596114696 19.0 1800
1756596116290 19.0 1850
1756596117767 19.0 1900
1756596119110 19.0 1950
1756596120936 21.0 2000
1756596122262 21.0 2050
1756596123823 22.0 2100
1756596125162 22.0 2150
1756596126749 23.0 2200
1756596128099 23.0 2250
1756596129465 23.0 2300
1756596131000 25.0 2350
1756596132521 25.0 2400
1756596134008 25.0 2450
1756596135379 25.0 2500
1756596136953 26.0 2550
1756596138446 26.0 2600
1756596139957 26.0 2650
1756596141756 26.0 2700
1756596143310 26.0 2750
1756596144764 26.0 2800
1756596146489 26.0 2850
1756596147481 26.0 2900
1756596148908 26.0 2950
1756596150031 26.0 3000
1756596151676 28.0 3050
1756596153300 28.0 3100
1756596154601 31.0 3150
1756596155903 32.0 3200
1756596157655 32.0 3250
1756596159648 32.0 3300
1756596160971 32.0 3350
1756596162517 33.0 3400
1756596163896 33.0 3450
1756596165240 34.0 3500
1756596166943 35.0 3550
1756596168792 35.0 3600
1756596170337 36.0 3650
1756596171511 37.0 3700
1756596173365 37.0 3750
1756596175547 37.0 3800
1756596177172 38.0 3850
1756596178845 40.0 3900
1756596180255 40.0 3950
1756596181887 40.0 4000
1756596183470 40.0 4050
1756596185086 40.0 4100
1756596187048 41.0 4150
1756596188391 41.0 4200
1756596189852 41.0 4250
1756596191264 41.0 4300
1756596192711 41.0 4350
1756596193862 41.0 4400
1756596195764 41.0 4450
1756596197413 43.0 4500
1756596198798 43.0 4550
1756596200655 43.0 4600
1756596202713 45.0 4650
1756596204858 46.0 4700
1756596206411 46.0 4750
1756596207685 46.0 4800
1756596208988 46.0 4850
1756596210567 46.0 4900
1756596212381 46.0 4950
1756596213889 47.0 5000
1756596215053 48.0 5050
1756596216440 48.0 5100
1756596218008 49.0 5150
1756596219254 51.0 5200
1756596220699 52.0 5250
1756596222222 53.0 5300
1756596223562 54.0 5350
1756596225007 54.0 5400
1756596226537 54.0 5450
1756596227950 57.0 5500
1756596229121 57.0 5550
1756596230568 58.0 5600
1756596232077 58.0 5650
1756596234323 58.0 5700
1756596236071 60.0 5750
1756596237306 60.0 5800
1756596238866 61.0 5850
1756596240556 62.0 5900
1756596241476 62.0 5950
1756596242750 62.0 6000
1756596244817 62.0 6050
1756596246141 63.0 6100
1756596247624 63.0 6150
1756596249475 64.0 6200
1756596250889 64.0 6250
1756596252486 64.0 6300
1756596254055 64.0 6350
1756596255482 64.0 6400
1756596257839 65.0 6450
1756596259357 65.0 6500
1756596261482 65.0 6550
1756596262901 66.0 6600
1756596264631 66.0 6650
1756596266583 66.0 6700
1756596268218 67.0 6750
1756596270567 67.0 6800
1756596272311 67.0 6850
1756596274053 67.0 6900
1756596275720 67.0 6950
1756596278907 67.0 7000
1756596280453 67.0 7050
1756596282247 68.0 7100
1756596283805 68.0 7150
1756596285475 68.0 7200
1756596287190 68.0 7250
1756596288915 68.0 7300
1756596290559 68.0 7350
1756596291960 69.0 7400
1756596294044 69.0 7450
1756596295617 69.0 7500
1756596297050 70.0 7550
1756596298143 71.0 7600
1756596299654 72.0 7650
1756596301140 73.0 7700
1756596302473 73.0 7750
1756596304260 74.0 7800
1756596305615 76.0 7850
1756596307083 76.0 7900
1756596308489 77.0 7950
1756596310121 77.0 8000
1756596311570 77.0 8050
1756596313107 78.0 8100
1756596314590 78.0 8150
1756596316028 79.0 8200
1756596318043 80.0 8250
