1756596059905 50.0 50
1756596061791 97.0 100
1756596063572 147.0 150
1756596065156 197.0 200
1756596066775 247.0 250
1756596068481 297.0 300
1756596069941 347.0 350
1756596071519 397.0 400
1756596073056 447.0 450
1756596074265 497.0 500
1756596076257 546.0 550
1756596078085 596.0 600
1756596079530 646.0 650
1756596080970 694.0 700
1756596082523 744.0 750
1756596085011 794.0 800
1756596086631 843.0 850
1756596087839 893.0 900
1756596089416 942.0 950
1756596090552 991.0 1000
1756596092533 1041.0 1050
1756596093621 1090.0 1100
1756596094533 1137.0 1150
1756596095847 1187.0 1200
1756596097732 1237.0 1250
1756596099381 1287.0 1300
1756596101389 1336.0 1350
1756596103010 1384.0 1400
1756596104499 1434.0 1450
1756596105946 1484.0 1500
1756596107395 1534.0 1550
1756596108840 1583.0 1600
1756596110302 1632.0 1650
1756596111360 1682.0 1700
1756596113047 1732.0 1750
1756596114696 1781.0 1800
1756596116290 1831.0 1850
1756596117767 1881.0 1900
1756596119110 1931.0 1950
1756596120936 1979.0 2000
1756596122262 2029.0 2050
1756596123823 2078.0 2100
1756596125162 2128.0 2150
1756596126749 2177.0 2200
1756596128099 2227.0 2250
1756596129465 2277.0 2300
1756596131000 2325.0 2350
1756596132521 2375.0 2400
1756596134008 2425.0 2450
1756596135379 2475.0 2500
1756596136953 2524.0 2550
1756596138446 2574.0 2600
1756596139957 2624.0 2650
1756596141756 2674.0 2700
1756596143310 2724.0 2750
1756596144764 2774.0 2800
1756596146489 2824.0 2850
1756596147481 2874.0 2900
1756596148908 2924.0 2950
1756596150031 2974.0 3000
1756596151676 3022.0 3050
1756596153300 3072.0 3100
1756596154601 3119.0 3150
1756596155903 3168.0 3200
1756596157655 3218.0 3250
1756596159648 3268.0 3300
1756596160971 3318.0 3350
1756596162517 3367.0 3400
1756596163896 3417.0 3450
1756596165240 3466.0 3500
1756596166943 3515.0 3550
1756596168792 3565.0 3600
1756596170337 3614.0 3650
1756596171511 3663.0 3700
1756596173365 3713.0 3750
1756596175547 3763.0 3800
1756596177172 3812.0 3850
1756596178845 3860.0 3900
1756596180255 3910.0 3950
1756596181887 3960.0 4000
1756596183470 4010.0 4050
1756596185086 4060.0 4100
1756596187048 4109.0 4150
1756596188391 4159.0 4200
1756596189852 4209.0 4250
1756596191264 4259.0 4300
1756596192711 4309.0 4350
1756596193862 4359.0 4400
1756596195764 4409.0 4450
1756596197413 4457.0 4500
1756596198798 4507.0 4550
1756596200655 4557.0 4600
1756596202713 4605.0 4650
1756596204858 4654.0 4700
1756596206411 4704.0 4750
1756596207685 4754.0 4800
1756596208988 4804.0 4850
1756596210567 4854.0 4900
1756596212381 4904.0 4950
1756596213889 4953.0 5000
1756596215053 5002.0 5050
1756596216440 5052.0 5100
1756596218008 5101.0 5150
1756596219254 5149.0 5200
1756596220699 5198.0 5250
1756596222222 5247.0 5300
1756596223562 5296.0 5350
1756596225007 5346.0 5400
1756596226537 5396.0 5450
1756596227950 5443.0 5500
1756596229121 5493.0 5550
1756596230568 5542.0 5600
1756596232077 5592.0 5650
1756596234323 5642.0 5700
1756596236071 5690.0 5750
1756596237306 5740.0 5800
1756596238866 5789.0 5850
1756596240556 5838.0 5900
1756596241476 5888.0 5950
1756596242750 5938.0 6000
1756596244817 5988.0 6050
1756596246141 6037.0 6100
1756596247624 6087.0 6150
1756596249475 6136.0 6200
1756596250889 6186.0 6250
1756596252486 6236.0 6300
1756596254055 6286.0 6350
1756596255482 6336.0 6400
1756596257839 6385.0 6450
1756596259357 6435.0 6500
1756596261482 6485.0 6550
1756596262901 6534.0 6600
1756596264631 6584.0 6650
1756596266583 6634.0 6700
1756596268218 6683.0 6750
1756596270567 6733.0 6800
1756596272311 6783.0 6850
1756596274053 6833.0 6900
1756596275720 6883.0 6950
1756596278907 6933.0 7000
1756596280453 6983.0 7050
1756596282247 7032.0 7100
1756596283805 7082.0 7150
1756596285475 7132.0 7200
1756596287190 7182.0 7250
1756596288915 7232.0 7300
1756596290559 7282.0 7350
1756596291960 7331.0 7400
1756596294044 7381.0 7450
1756596295617 7431.0 7500
1756596297050 7480.0 7550
1756596298143 7529.0 7600
1756596299654 7578.0 7650
1756596301140 7627.0 7700
1756596302473 7677.0 7750
1756596304260 7726.0 7800
1756596305615 7774.0 7850
1756596307083 7824.0 7900
1756596308489 7873.0 7950
1756596310121 7923.0 8000
1756596311570 7973.0 8050
1756596313107 8022.0 8100
1756596314590 8072.0 8150
1756596316028 8121.0 8200
1756596318043 8170.0 8250
