1756596059905 50.0 50
1756596061791 100.0 100
1756596063572 150.0 150
1756596065156 200.0 200
1756596066775 250.0 250
1756596068481 300.0 300
1756596069941 350.0 350
1756596071519 400.0 400
1756596073056 450.0 450
1756596074265 500.0 500
1756596076257 550.0 550
1756596078085 600.0 600
1756596079530 650.0 650
1756596080970 700.0 700
1756596082523 750.0 750
1756596085011 800.0 800
1756596086631 850.0 850
1756596087839 900.0 900
1756596089416 950.0 950
1756596090552 1000.0 1000
1756596092533 1050.0 1050
1756596093621 1100.0 1100
1756596094533 1150.0 1150
1756596095847 1200.0 1200
1756596097732 1250.0 1250
1756596099381 1300.0 1300
1756596101389 1350.0 1350
1756596103010 1400.0 1400
1756596104499 1450.0 1450
1756596105946 1500.0 1500
1756596107395 1550.0 1550
1756596108840 1600.0 1600
1756596110302 1650.0 1650
1756596111360 1700.0 1700
1756596113047 1750.0 1750
1756596114696 1800.0 1800
1756596116290 1850.0 1850
1756596117767 1900.0 1900
1756596119110 1950.0 1950
1756596120936 2000.0 2000
1756596122262 2050.0 2050
1756596123823 2100.0 2100
1756596125162 2150.0 2150
1756596126749 2200.0 2200
1756596128099 2250.0 2250
1756596129465 2300.0 2300
1756596131000 2350.0 2350
1756596132521 2400.0 2400
1756596134008 2450.0 2450
1756596135379 2500.0 2500
1756596136953 2550.0 2550
1756596138446 2600.0 2600
1756596139957 2650.0 2650
1756596141756 2700.0 2700
1756596143310 2750.0 2750
1756596144764 2800.0 2800
1756596146489 2850.0 2850
1756596147481 2900.0 2900
1756596148908 2950.0 2950
1756596150031 3000.0 3000
1756596151676 3050.0 3050
1756596153300 3100.0 3100
1756596154601 3150.0 3150
1756596155903 3200.0 3200
1756596157655 3250.0 3250
1756596159648 3300.0 3300
1756596160971 3350.0 3350
1756596162517 3400.0 3400
1756596163896 3450.0 3450
1756596165240 3500.0 3500
1756596166943 3550.0 3550
1756596168792 3600.0 3600
1756596170337 3650.0 3650
1756596171511 3700.0 3700
1756596173365 3750.0 3750
1756596175547 3800.0 3800
1756596177172 3850.0 3850
1756596178845 3900.0 3900
1756596180255 3950.0 3950
1756596181887 4000.0 4000
1756596183470 4050.0 4050
1756596185086 4100.0 4100
1756596187048 4150.0 4150
1756596188391 4200.0 4200
1756596189852 4250.0 4250
1756596191264 4300.0 4300
1756596192711 4350.0 4350
1756596193862 4400.0 4400
1756596195764 4450.0 4450
1756596197413 4500.0 4500
1756596198798 4550.0 4550
1756596200655 4600.0 4600
1756596202713 4650.0 4650
1756596204858 4700.0 4700
1756596206411 4750.0 4750
1756596207685 4800.0 4800
1756596208988 4850.0 4850
1756596210567 4900.0 4900
1756596212381 4950.0 4950
1756596213889 5000.0 5000
1756596215053 5050.0 5050
1756596216440 5100.0 5100
1756596218008 5150.0 5150
1756596219254 5200.0 5200
1756596220699 5250.0 5250
1756596222222 5300.0 5300
1756596223562 5350.0 5350
1756596225007 5400.0 5400
1756596226537 5450.0 5450
1756596227950 5500.0 5500
1756596229121 5550.0 5550
1756596230568 5600.0 5600
1756596232077 5650.0 5650
1756596234323 5700.0 5700
1756596236071 5750.0 5750
1756596237306 5800.0 5800
1756596238866 5850.0 5850
1756596240556 5900.0 5900
1756596241476 5950.0 5950
1756596242750 6000.0 6000
1756596244817 6050.0 6050
1756596246141 6100.0 6100
1756596247624 6150.0 6150
1756596249475 6200.0 6200
1756596250889 6250.0 6250
1756596252486 6300.0 6300
1756596254055 6350.0 6350
1756596255482 6400.0 6400
1756596257839 6450.0 6450
1756596259357 6500.0 6500
1756596261482 6550.0 6550
1756596262901 6600.0 6600
1756596264631 6650.0 6650
1756596266583 6700.0 6700
1756596268218 6750.0 6750
1756596270567 6800.0 6800
1756596272311 6850.0 6850
1756596274053 6900.0 6900
1756596275720 6950.0 6950
1756596278907 7000.0 7000
1756596280453 7050.0 7050
1756596282247 7100.0 7100
1756596283805 7150.0 7150
1756596285475 7200.0 7200
1756596287190 7250.0 7250
1756596288915 7300.0 7300
1756596290559 7350.0 7350
1756596291960 7400.0 7400
1756596294044 7450.0 7450
1756596295617 7500.0 7500
1756596297050 7550.0 7550
1756596298143 7600.0 7600
1756596299654 7650.0 7650
1756596301140 7700.0 7700
1756596302473 7750.0 7750
1756596304260 7800.0 7800
1756596305615 7850.0 7850
1756596307083 7900.0 7900
1756596308489 7950.0 7950
1756596310121 8000.0 8000
1756596311570 8050.0 8050
1756596313107 8100.0 8100
1756596314590 8150.0 8150
1756596316028 8200.0 8200
1756596318043 8250.0 8250
