1756596059905 1022.0 50
1756596061791 2001.0 100
1756596063572 3105.0 150
1756596065156 3999.0 200
1756596066775 5052.0 250
1756596068481 6018.0 300
1756596069941 6868.0 350
1756596071519 7739.0 400
1756596073056 8681.0 450
1756596074265 9337.0 500
1756596076257 10622.0 550
1756596078085 11827.0 600
1756596079530 12704.0 650
1756596080970 13564.0 700
1756596082523 14533.0 750
1756596085011 16140.0 800
1756596086631 17125.0 850
1756596087839 17869.0 900
1756596089416 18881.0 950
1756596090552 19533.0 1000
1756596092533 20750.0 1050
1756596093621 21383.0 1100
1756596094533 21923.0 1150
1756596095847 22715.0 1200
1756596097732 23870.0 1250
1756596099381 24878.0 1300
1756596101389 26131.0 1350
1756596103010 27150.0 1400
1756596104499 28085.0 1450
1756596105946 28967.0 1500
1756596107395 29833.0 1550
1756596108840 30693.0 1600
1756596110302 31592.0 1650
1756596111360 32171.0 1700
1756596113047 33206.0 1750
1756596114696 34252.0 1800
1756596116290 35251.0 1850
1756596117767 36171.0 1900
1756596119110 37027.0 1950
1756596120936 38163.0 2000
1756596122262 38925.0 2050
1756596123823 39898.0 2100
1756596125162 40725.0 2150
1756596126749 41686.0 2200
1756596128099 42415.0 2250
1756596129465 43238.0 2300
1756596131000 44122.0 2350
1756596132521 44962.0 2400
1756596134008 45879.0 2450
1756596135379 46736.0 2500
1756596136953 47708.0 2550
1756596138446 48626.0 2600
1756596139957 49552.0 2650
1756596141756 50655.0 2700
1756596143310 51628.0 2750
1756596144764 52517.0 2800
1756596146489 53623.0 2850
1756596147481 54206.0 2900
1756596148908 55123.0 2950
1756596150031 55791.0 3000
1756596151676 56825.0 3050
1756596153300 57852.0 3100
1756596154601 58656.0 3150
1756596155903 59445.0 3200
1756596157655 60574.0 3250
1756596159648 61842.0 3300
1756596160971 62646.0 3350
1756596162517 63516.0 3400
1756596163896 64379.0 3450
1756596165240 65210.0 3500
1756596166943 66216.0 3550
1756596168792 67398.0 3600
1756596170337 68350.0 3650
1756596171511 69062.0 3700
1756596173365 70314.0 3750
1756596175547 71684.0 3800
1756596177172 72695.0 3850
1756596178845 73730.0 3900
1756596180255 74533.0 3950
1756596181887 75529.0 4000
1756596183470 76530.0 4050
1756596185086 77495.0 4100
1756596187048 78748.0 4150
1756596188391 79577.0 4200
1756596189852 80491.0 4250
1756596191264 81393.0 4300
1756596192711 82256.0 4350
1756596193862 82933.0 4400
1756596195764 84148.0 4450
1756596197413 85212.0 4500
1756596198798 86048.0 4550
1756596200655 87232.0 4600
1756596202713 88570.0 4650
1756596204858 89783.0 4700
1756596206411 90652.0 4750
1756596207685 91357.0 4800
1756596208988 92140.0 4850
1756596210567 93131.0 4900
1756596212381 94192.0 4950
1756596213889 95144.0 5000
1756596215053 95818.0 5050
1756596216440 96693.0 5100
1756596218008 97700.0 5150
1756596219254 98457.0 5200
1756596220699 99318.0 5250
1756596222222 100153.0 5300
1756596223562 100933.0 5350
1756596225007 101812.0 5400
1756596226537 102786.0 5450
1756596227950 103646.0 5500
1756596229121 104326.0 5550
1756596230568 105210.0 5600
1756596232077 106201.0 5650
1756596234323 107682.0 5700
1756596236071 108741.0 5750
1756596237306 109479.0 5800
1756596238866 110471.0 5850
1756596240556 111498.0 5900
1756596241476 112031.0 5950
1756596242750 112819.0 6000
1756596244817 114195.0 6050
1756596246141 115020.0 6100
1756596247624 115926.0 6150
1756596249475 117147.0 6200
1756596250889 118016.0 6250
1756596252486 118968.0 6300
1756596254055 119951.0 6350
1756596255482 120861.0 6400
1756596257839 122172.0 6450
1756596259357 123129.0 6500
1756596261482 124468.0 6550
1756596262901 125247.0 6600
1756596264631 126312.0 6650
1756596266583 127364.0 6700
1756596268218 128297.0 6750
1756596270567 129070.0 6800
1756596272311 130121.0 6850
1756596274053 131119.0 6900
1756596275720 131892.0 6950
1756596278907 132686.0 7000
1756596280453 133412.0 7050
1756596282247 134507.0 7100
1756596283805 135465.0 7150
1756596285475 136465.0 7200
1756596287190 137530.0 7250
1756596288915 138543.0 7300
1756596290559 139529.0 7350
1756596291960 140395.0 7400
1756596294044 141817.0 7450
1756596295617 142756.0 7500
1756596297050 143611.0 7550
1756596298143 144247.0 7600
1756596299654 145171.0 7650
1756596301140 146060.0 7700
1756596302473 146845.0 7750
1756596304260 148017.0 7800
1756596305615 148863.0 7850
1756596307083 149712.0 7900
1756596308489 150514.0 7950
1756596310121 151533.0 8000
1756596311570 152421.0 8050
1756596313107 153356.0 8100
1756596314590 154296.0 8150
1756596316028 155198.0 8200
1756596318043 156478.0 8250
