1756615426958 0.0 50
1756615445092 3.0 100
1756615446778 3.0 150
1756615448284 3.0 200
1756615449912 3.0 250
1756615451478 3.0 300
1756615452860 3.0 350
1756615454281 3.0 400
1756615455747 3.0 450
1756615456923 3.0 500
1756615461819 4.0 550
1756615463633 4.0 600
1756615465055 4.0 650
1756615471871 6.0 700
1756615473411 6.0 750
1756615475752 6.0 800
1756615480276 7.0 850
1756615481473 7.0 900
1756615483051 7.0 950
1756615486038 8.0 1000
1756615487998 8.0 1050
1756615491462 9.0 1100
1756615499960 12.0 1150
1756615501303 12.0 1200
1756615503218 12.0 1250
1756615504828 12.0 1300
1756615509754 13.0 1350
1756615516585 15.0 1400
1756615518115 15.0 1450
1756615519518 15.0 1500
1756615521013 15.0 1550
1756615524809 16.0 1600
1756615528032 17.0 1650
1756615529220 17.0 1700
1756615530814 17.0 1750
1756615535262 18.0 1800
1756615536860 18.0 1850
1756615538347 18.0 1900
1756615539674 18.0 1950
1756615545586 20.0 2000
1756615546910 20.0 2050
1756615551076 21.0 2100
1756615552454 21.0 2150
1756615557505 22.0 2200
1756615558805 22.0 2250
1756615563875 23.0 2300
1756615569529 24.0 2350
1756615571166 24.0 2400
1756615572645 24.0 2450
1756615574017 24.0 2500
1756615580335 25.0 2550
1756615581813 25.0 2600
1756615583321 25.0 2650
1756615585100 25.0 2700
1756615586665 25.0 2750
1756615588119 25.0 2800
1756615589799 25.0 2850
1756615590772 25.0 2900
1756615592167 25.0 2950
1756615593469 25.0 3000
1756615601169 27.0 3050
1756615602793 27.0 3100
1756615613944 30.0 3150
1756615618526 31.0 3200
1756615620285 31.0 3250
1756615622276 31.0 3300
1756615623575 31.0 3350
1756615628207 32.0 3400
1756615629589 32.0 3450
1756615632707 33.0 3500
1756615636903 34.0 3550
1756615638577 34.0 3600
1756615642792 35.0 3650
1756615645751 36.0 3700
1756615647590 36.0 3750
1756615652327 37.0 3800
1756615653984 37.0 3850
1756615660182 39.0 3900
1756615661565 39.0 3950
1756615663182 39.0 4000
1756615664740 39.0 4050
1756615666360 39.0 4100
1756615670686 40.0 4150
1756615672033 40.0 4200
1756615673487 40.0 4250
1756615674910 40.0 4300
1756615676216 40.0 4350
1756615677343 40.0 4400
1756615679497 40.0 4450
1756615689186 42.0 4500
1756615690593 42.0 4550
1756615692404 42.0 4600
1756615698872 44.0 4650
1756615702550 45.0 4700
1756615704033 45.0 4750
1756615705285 45.0 4800
1756615706578 45.0 4850
1756615708123 45.0 4900
1756615709956 45.0 4950
1756615714812 46.0 5000
1756615717875 47.0 5050
1756615719273 47.0 5100
1756615723551 48.0 5150
1756615727709 50.0 5200
1756615731461 51.0 5250
1756615735966 52.0 5300
1756615738982 53.0 5350
1756615740424 53.0 5400
1756615741965 53.0 5450
1756615749080 56.0 5500
1756615750234 56.0 5550
1756615754907 57.0 5600
1756615756482 57.0 5650
1756615758764 57.0 5700
1756615765506 59.0 5750
1756615766760 59.0 5800
1756615770827 60.0 5850
1756615774641 61.0 5900
1756615775563 61.0 5950
1756615776904 61.0 6000
1756615778943 61.0 6050
1756615784232 62.0 6100
1756615785796 62.0 6150
1756615792678 63.0 6200
1756615794128 63.0 6250
1756615795755 63.0 6300
1756615797298 63.0 6350
1756615798740 63.0 6400
1756615804562 64.0 6450
1756615806263 64.0 6500
1756615808418 64.0 6550
1756615815481 65.0 6600
1756615817103 65.0 6650
1756615818788 65.0 6700
1756615825901 66.0 6750
1756615827175 66.0 6800
1756615828865 66.0 6850
1756615830501 66.0 6900
1756615831834 66.0 6950
1756615833163 66.0 7000
1756615834523 66.0 7050
1756615839732 67.0 7100
1756615841243 67.0 7150
1756615842887 67.0 7200
1756615844721 67.0 7250
1756615846329 67.0 7300
1756615847930 67.0 7350
1756615852783 68.0 7400
1756615854828 68.0 7450
1756615856439 68.0 7500
1756615862536 69.0 7550
1756615866322 70.0 7600
1756615870132 71.0 7650
1756615873972 72.0 7700
1756615875382 72.0 7750
1756615879866 73.0 7800
1756615887772 75.0 7850
1756615889275 75.0 7900
1756615894434 76.0 7950
1756615896122 76.0 8000
1756615897589 76.0 8050
1756615902507 77.0 8100
1756615903990 77.0 8150
1756615908028 78.0 8200
1756615914151 79.0 8250
