1756615426958 50.0 50
1756615445092 97.0 100
1756615446778 147.0 150
1756615448284 197.0 200
1756615449912 247.0 250
1756615451478 297.0 300
1756615452860 347.0 350
1756615454281 397.0 400
1756615455747 447.0 450
1756615456923 497.0 500
1756615461819 546.0 550
1756615463633 596.0 600
1756615465055 646.0 650
1756615471871 694.0 700
1756615473411 744.0 750
1756615475752 794.0 800
1756615480276 843.0 850
1756615481473 893.0 900
1756615483051 943.0 950
1756615486038 992.0 1000
1756615487998 1042.0 1050
1756615491462 1091.0 1100
1756615499960 1138.0 1150
1756615501303 1188.0 1200
1756615503218 1238.0 1250
1756615504828 1288.0 1300
1756615509754 1337.0 1350
1756615516585 1385.0 1400
1756615518115 1435.0 1450
1756615519518 1485.0 1500
1756615521013 1535.0 1550
1756615524809 1584.0 1600
1756615528032 1633.0 1650
1756615529220 1683.0 1700
1756615530814 1733.0 1750
1756615535262 1782.0 1800
1756615536860 1832.0 1850
1756615538347 1882.0 1900
1756615539674 1932.0 1950
1756615545586 1980.0 2000
1756615546910 2030.0 2050
1756615551076 2079.0 2100
1756615552454 2129.0 2150
1756615557505 2178.0 2200
1756615558805 2228.0 2250
1756615563875 2277.0 2300
1756615569529 2326.0 2350
1756615571166 2376.0 2400
1756615572645 2426.0 2450
1756615574017 2476.0 2500
1756615580335 2525.0 2550
1756615581813 2575.0 2600
1756615583321 2625.0 2650
1756615585100 2675.0 2700
1756615586665 2725.0 2750
1756615588119 2775.0 2800
1756615589799 2825.0 2850
1756615590772 2875.0 2900
1756615592167 2925.0 2950
1756615593469 2975.0 3000
1756615601169 3023.0 3050
1756615602793 3073.0 3100
1756615613944 3120.0 3150
1756615618526 3169.0 3200
1756615620285 3219.0 3250
1756615622276 3269.0 3300
1756615623575 3319.0 3350
1756615628207 3368.0 3400
1756615629589 3418.0 3450
1756615632707 3467.0 3500
1756615636903 3516.0 3550
1756615638577 3566.0 3600
1756615642792 3615.0 3650
1756615645751 3664.0 3700
1756615647590 3714.0 3750
1756615652327 3763.0 3800
1756615653984 3813.0 3850
1756615660182 3861.0 3900
1756615661565 3911.0 3950
1756615663182 3961.0 4000
1756615664740 4011.0 4050
1756615666360 4061.0 4100
1756615670686 4110.0 4150
1756615672033 4160.0 4200
1756615673487 4210.0 4250
1756615674910 4260.0 4300
1756615676216 4310.0 4350
1756615677343 4360.0 4400
1756615679497 4410.0 4450
1756615689186 4458.0 4500
1756615690593 4508.0 4550
1756615692404 4558.0 4600
1756615698872 4606.0 4650
1756615702550 4655.0 4700
1756615704033 4705.0 4750
1756615705285 4755.0 4800
1756615706578 4805.0 4850
1756615708123 4855.0 4900
1756615709956 4905.0 4950
1756615714812 4954.0 5000
1756615717875 5003.0 5050
1756615719273 5053.0 5100
1756615723551 5102.0 5150
1756615727709 5150.0 5200
1756615731461 5199.0 5250
1756615735966 5248.0 5300
1756615738982 5297.0 5350
1756615740424 5347.0 5400
1756615741965 5397.0 5450
1756615749080 5444.0 5500
1756615750234 5494.0 5550
1756615754907 5543.0 5600
1756615756482 5593.0 5650
1756615758764 5643.0 5700
1756615765506 5691.0 5750
1756615766760 5741.0 5800
1756615770827 5790.0 5850
1756615774641 5839.0 5900
1756615775563 5889.0 5950
1756615776904 5939.0 6000
1756615778943 5989.0 6050
1756615784232 6038.0 6100
1756615785796 6088.0 6150
1756615792678 6137.0 6200
1756615794128 6187.0 6250
1756615795755 6237.0 6300
1756615797298 6287.0 6350
1756615798740 6337.0 6400
1756615804562 6386.0 6450
1756615806263 6436.0 6500
1756615808418 6486.0 6550
1756615815481 6535.0 6600
1756615817103 6585.0 6650
1756615818788 6635.0 6700
1756615825901 6684.0 6750
1756615827175 6734.0 6800
1756615828865 6784.0 6850
1756615830501 6834.0 6900
1756615831834 6884.0 6950
1756615833163 6934.0 7000
1756615834523 6984.0 7050
1756615839732 7033.0 7100
1756615841243 7083.0 7150
1756615842887 7133.0 7200
1756615844721 7183.0 7250
1756615846329 7233.0 7300
1756615847930 7283.0 7350
1756615852783 7332.0 7400
1756615854828 7382.0 7450
1756615856439 7432.0 7500
1756615862536 7481.0 7550
1756615866322 7530.0 7600
1756615870132 7579.0 7650
1756615873972 7628.0 7700
1756615875382 7678.0 7750
1756615879866 7727.0 7800
1756615887772 7775.0 7850
1756615889275 7825.0 7900
1756615894434 7874.0 7950
1756615896122 7924.0 8000
1756615897589 7974.0 8050
1756615902507 8023.0 8100
1756615903990 8073.0 8150
1756615908028 8122.0 8200
1756615914151 8171.0 8250
