1756615426958 50.0 50
1756615445092 100.0 100
1756615446778 150.0 150
1756615448284 200.0 200
1756615449912 250.0 250
1756615451478 300.0 300
1756615452860 350.0 350
1756615454281 400.0 400
1756615455747 450.0 450
1756615456923 500.0 500
1756615461819 550.0 550
1756615463633 600.0 600
1756615465055 650.0 650
1756615471871 700.0 700
1756615473411 750.0 750
1756615475752 800.0 800
1756615480276 850.0 850
1756615481473 900.0 900
1756615483051 950.0 950
1756615486038 1000.0 1000
1756615487998 1050.0 1050
1756615491462 1100.0 1100
1756615499960 1150.0 1150
1756615501303 1200.0 1200
1756615503218 1250.0 1250
1756615504828 1300.0 1300
1756615509754 1350.0 1350
1756615516585 1400.0 1400
1756615518115 1450.0 1450
1756615519518 1500.0 1500
1756615521013 1550.0 1550
1756615524809 1600.0 1600
1756615528032 1650.0 1650
1756615529220 1700.0 1700
1756615530814 1750.0 1750
1756615535262 1800.0 1800
1756615536860 1850.0 1850
1756615538347 1900.0 1900
1756615539674 1950.0 1950
1756615545586 2000.0 2000
1756615546910 2050.0 2050
1756615551076 2100.0 2100
1756615552454 2150.0 2150
1756615557505 2200.0 2200
1756615558805 2250.0 2250
1756615563875 2300.0 2300
1756615569529 2350.0 2350
1756615571166 2400.0 2400
1756615572645 2450.0 2450
1756615574017 2500.0 2500
1756615580335 2550.0 2550
1756615581813 2600.0 2600
1756615583321 2650.0 2650
1756615585100 2700.0 2700
1756615586665 2750.0 2750
1756615588119 2800.0 2800
1756615589799 2850.0 2850
1756615590772 2900.0 2900
1756615592167 2950.0 2950
1756615593469 3000.0 3000
1756615601169 3050.0 3050
1756615602793 3100.0 3100
1756615613944 3150.0 3150
1756615618526 3200.0 3200
1756615620285 3250.0 3250
1756615622276 3300.0 3300
1756615623575 3350.0 3350
1756615628207 3400.0 3400
1756615629589 3450.0 3450
1756615632707 3500.0 3500
1756615636903 3550.0 3550
1756615638577 3600.0 3600
1756615642792 3650.0 3650
1756615645751 3700.0 3700
1756615647590 3750.0 3750
1756615652327 3800.0 3800
1756615653984 3850.0 3850
1756615660182 3900.0 3900
1756615661565 3950.0 3950
1756615663182 4000.0 4000
1756615664740 4050.0 4050
1756615666360 4100.0 4100
1756615670686 4150.0 4150
1756615672033 4200.0 4200
1756615673487 4250.0 4250
1756615674910 4300.0 4300
1756615676216 4350.0 4350
1756615677343 4400.0 4400
1756615679497 4450.0 4450
1756615689186 4500.0 4500
1756615690593 4550.0 4550
1756615692404 4600.0 4600
1756615698872 4650.0 4650
1756615702550 4700.0 4700
1756615704033 4750.0 4750
1756615705285 4800.0 4800
1756615706578 4850.0 4850
1756615708123 4900.0 4900
1756615709956 4950.0 4950
1756615714812 5000.0 5000
1756615717875 5050.0 5050
1756615719273 5100.0 5100
1756615723551 5150.0 5150
1756615727709 5200.0 5200
1756615731461 5250.0 5250
1756615735966 5300.0 5300
1756615738982 5350.0 5350
1756615740424 5400.0 5400
1756615741965 5450.0 5450
1756615749080 5500.0 5500
1756615750234 5550.0 5550
1756615754907 5600.0 5600
1756615756482 5650.0 5650
1756615758764 5700.0 5700
1756615765506 5750.0 5750
1756615766760 5800.0 5800
1756615770827 5850.0 5850
1756615774641 5900.0 5900
1756615775563 5950.0 5950
1756615776904 6000.0 6000
1756615778943 6050.0 6050
1756615784232 6100.0 6100
1756615785796 6150.0 6150
1756615792678 6200.0 6200
1756615794128 6250.0 6250
1756615795755 6300.0 6300
1756615797298 6350.0 6350
1756615798740 6400.0 6400
1756615804562 6450.0 6450
1756615806263 6500.0 6500
1756615808418 6550.0 6550
1756615815481 6600.0 6600
1756615817103 6650.0 6650
1756615818788 6700.0 6700
1756615825901 6750.0 6750
1756615827175 6800.0 6800
1756615828865 6850.0 6850
1756615830501 6900.0 6900
1756615831834 6950.0 6950
1756615833163 7000.0 7000
1756615834523 7050.0 7050
1756615839732 7100.0 7100
1756615841243 7150.0 7150
1756615842887 7200.0 7200
1756615844721 7250.0 7250
1756615846329 7300.0 7300
1756615847930 7350.0 7350
1756615852783 7400.0 7400
1756615854828 7450.0 7450
1756615856439 7500.0 7500
1756615862536 7550.0 7550
1756615866322 7600.0 7600
1756615870132 7650.0 7650
1756615873972 7700.0 7700
1756615875382 7750.0 7750
1756615879866 7800.0 7800
1756615887772 7850.0 7850
1756615889275 7900.0 7900
1756615894434 7950.0 7950
1756615896122 8000.0 8000
1756615897589 8050.0 8050
1756615902507 8100.0 8100
1756615903990 8150.0 8150
1756615908028 8200.0 8200
1756615914151 8250.0 8250
