1756615426958 1022.0 50
1756615445092 2001.0 100
1756615446778 3103.0 150
1756615448284 3997.0 200
1756615449912 5050.0 250
1756615451478 6016.0 300
1756615452860 6866.0 350
1756615454281 7737.0 400
1756615455747 8677.0 450
1756615456923 9333.0 500
1756615461819 10618.0 550
1756615463633 11823.0 600
1756615465055 12699.0 650
1756615471871 13559.0 700
1756615473411 14528.0 750
1756615475752 16135.0 800
1756615480276 17120.0 850
1756615481473 17863.0 900
1756615483051 18880.0 950
1756615486038 19541.0 1000
1756615487998 20740.0 1050
1756615491462 21374.0 1100
1756615499960 21912.0 1150
1756615501303 22705.0 1200
1756615503218 23879.0 1250
1756615504828 24899.0 1300
1756615509754 26168.0 1350
1756615516585 27137.0 1400
1756615518115 28098.0 1450
1756615519518 28956.0 1500
1756615521013 29844.0 1550
1756615524809 30679.0 1600
1756615528032 31573.0 1650
1756615529220 32220.0 1700
1756615530814 33202.0 1750
1756615535262 34234.0 1800
1756615536860 35237.0 1850
1756615538347 36160.0 1900
1756615539674 37007.0 1950
1756615545586 38148.0 2000
1756615546910 38905.0 2050
1756615551076 39880.0 2100
1756615552454 40728.0 2150
1756615557505 41665.0 2200
1756615558805 42407.0 2250
1756615563875 43214.0 2300
1756615569529 44102.0 2350
1756615571166 44965.0 2400
1756615572645 45857.0 2450
1756615574017 46714.0 2500
1756615580335 47745.0 2550
1756615581813 48600.0 2600
1756615583321 49534.0 2650
1756615585100 50629.0 2700
1756615586665 51601.0 2750
1756615588119 52490.0 2800
1756615589799 53594.0 2850
1756615590772 54177.0 2900
1756615592167 55094.0 2950
1756615593469 55761.0 3000
1756615601169 56828.0 3050
1756615602793 57841.0 3100
1756615613944 58632.0 3150
1756615618526 59414.0 3200
1756615620285 60542.0 3250
1756615622276 61815.0 3300
1756615623575 62610.0 3350
1756615628207 63491.0 3400
1756615629589 64357.0 3450
1756615632707 65212.0 3500
1756615636903 66277.0 3550
1756615638577 67361.0 3600
1756615642792 68383.0 3650
1756615645751 69025.0 3700
1756615647590 70277.0 3750
1756615652327 71642.0 3800
1756615653984 72668.0 3850
1756615660182 73717.0 3900
1756615661565 74494.0 3950
1756615663182 75486.0 4000
1756615664740 76488.0 4050
1756615666360 77479.0 4100
1756615670686 78704.0 4150
1756615672033 79535.0 4200
1756615673487 80449.0 4250
1756615674910 81378.0 4300
1756615676216 82212.0 4350
1756615677343 82882.0 4400
1756615679497 84107.0 4450
1756615689186 85190.0 4500
1756615690593 86048.0 4550
1756615692404 87191.0 4600
1756615698872 88516.0 4650
1756615702550 89749.0 4700
1756615704033 90597.0 4750
1756615705285 91301.0 4800
1756615706578 92081.0 4850
1756615708123 93070.0 4900
1756615709956 94132.0 4950
1756615714812 95111.0 5000
1756615717875 95769.0 5050
1756615719273 96646.0 5100
1756615723551 97638.0 5150
1756615727709 98418.0 5200
1756615731461 99275.0 5250
1756615735966 100104.0 5300
1756615738982 100881.0 5350
1756615740424 101745.0 5400
1756615741965 102746.0 5450
1756615749080 103580.0 5500
1756615750234 104257.0 5550
1756615754907 105151.0 5600
1756615756482 106153.0 5650
1756615758764 107633.0 5700
1756615765506 108669.0 5750
1756615766760 109417.0 5800
1756615770827 110440.0 5850
1756615774641 111440.0 5900
1756615775563 111960.0 5950
1756615776904 112784.0 6000
1756615778943 114125.0 6050
1756615784232 114937.0 6100
1756615785796 115894.0 6150
1756615792678 117066.0 6200
1756615794128 117930.0 6250
1756615795755 118936.0 6300
1756615797298 119901.0 6350
1756615798740 120795.0 6400
1756615804562 122084.0 6450
1756615806263 123042.0 6500
1756615808418 124378.0 6550
1756615815481 125223.0 6600
1756615817103 126229.0 6650
1756615818788 127280.0 6700
1756615825901 128211.0 6750
1756615827175 128980.0 6800
1756615828865 130031.0 6850
1756615830501 131046.0 6900
1756615831834 131818.0 6950
1756615833163 132591.0 7000
1756615834523 133322.0 7050
1756615839732 134445.0 7100
1756615841243 135384.0 7150
1756615842887 136369.0 7200
1756615844721 137527.0 7250
1756615846329 138463.0 7300
1756615847930 139434.0 7350
1756615852783 140346.0 7400
1756615854828 141730.0 7450
1756615856439 142657.0 7500
1756615862536 143527.0 7550
1756615866322 144156.0 7600
1756615870132 145070.0 7650
1756615873972 145973.0 7700
1756615875382 146801.0 7750
1756615879866 147925.0 7800
1756615887772 148797.0 7850
1756615889275 149630.0 7900
1756615894434 150410.0 7950
1756615896122 151453.0 8000
1756615897589 152377.0 8050
1756615902507 153271.0 8100
1756615903990 154189.0 8150
1756615908028 155094.0 8200
1756615914151 156368.0 8250
