1756597601149 0.0 50
1756597602888 3.0 100
1756597604557 3.0 150
1756597606078 3.0 200
1756597607686 3.0 250
1756597609284 3.0 300
1756597610719 3.0 350
1756597612189 3.0 400
1756597613709 3.0 450
1756597614894 3.0 500
1756597616975 4.0 550
1756597618790 4.0 600
1756597620241 4.0 650
1756597621671 6.0 700
1756597623212 6.0 750
1756597625608 6.0 800
1756597627221 7.0 850
1756597628432 7.0 900
1756597630005 8.0 950
1756597631165 9.0 1000
1756597633145 9.0 1050
1756597634230 10.0 1100
1756597635142 13.0 1150
1756597636452 13.0 1200
1756597638335 13.0 1250
1756597639932 13.0 1300
1756597641844 14.0 1350
1756597643455 16.0 1400
1756597644943 16.0 1450
1756597646456 16.0 1500
1756597647906 16.0 1550
1756597649356 17.0 1600
1756597650817 18.0 1650
1756597651877 18.0 1700
1756597653563 18.0 1750
1756597655208 19.0 1800
1756597656808 19.0 1850
1756597658286 19.0 1900
1756597659654 19.0 1950
1756597661484 21.0 2000
1756597662815 21.0 2050
1756597664372 22.0 2100
1756597665708 22.0 2150
1756597667294 23.0 2200
1756597668562 23.0 2250
1756597669894 23.0 2300
1756597671417 25.0 2350
1756597672828 25.0 2400
1756597674305 25.0 2450
1756597675672 25.0 2500
1756597677306 26.0 2550
1756597678799 26.0 2600
1756597680314 26.0 2650
1756597682115 26.0 2700
1756597683665 26.0 2750
1756597685114 26.0 2800
1756597686832 26.0 2850
1756597687824 26.0 2900
1756597689247 26.0 2950
1756597690361 26.0 3000
1756597692011 28.0 3050
1756597693632 28.0 3100
1756597694932 31.0 3150
1756597696224 32.0 3200
1756597697969 32.0 3250
1756597699961 32.0 3300
1756597701276 32.0 3350
1756597702719 33.0 3400
1756597704096 33.0 3450
1756597705432 34.0 3500
1756597707245 35.0 3550
1756597709091 35.0 3600
1756597710634 36.0 3650
1756597711808 37.0 3700
1756597713659 37.0 3750
1756597715792 37.0 3800
1756597717410 38.0 3850
1756597719080 40.0 3900
1756597720490 40.0 3950
1756597722118 40.0 4000
1756597723699 40.0 4050
1756597725314 40.0 4100
1756597727270 41.0 4150
1756597728609 41.0 4200
1756597730075 41.0 4250
1756597731490 41.0 4300
1756597732852 41.0 4350
1756597733970 41.0 4400
1756597735873 41.0 4450
1756597737597 43.0 4500
1756597738985 43.0 4550
1756597740842 43.0 4600
1756597742902 45.0 4650
1756597744808 46.0 4700
1756597746306 46.0 4750
1756597747571 46.0 4800
1756597748858 46.0 4850
1756597750432 46.0 4900
1756597752243 46.0 4950
1756597753746 47.0 5000
1756597754910 48.0 5050
1756597756294 48.0 5100
1756597757861 49.0 5150
1756597759092 51.0 5200
1756597760539 52.0 5250
1756597761974 53.0 5300
1756597763307 54.0 5350
1756597764741 54.0 5400
1756597766266 54.0 5450
1756597767737 57.0 5500
1756597768908 57.0 5550
1756597770352 58.0 5600
1756597771864 58.0 5650
1756597774108 58.0 5700
1756597775841 60.0 5750
1756597777064 60.0 5800
1756597778617 61.0 5850
1756597780303 62.0 5900
1756597781219 62.0 5950
1756597782491 62.0 6000
1756597784560 62.0 6050
1756597785882 63.0 6100
1756597787358 63.0 6150
1756597789251 64.0 6200
1756597790670 64.0 6250
1756597792201 64.0 6300
1756597793770 64.0 6350
1756597795200 64.0 6400
1756597797350 65.0 6450
1756597798808 65.0 6500
1756597800913 65.0 6550
1756597802136 66.0 6600
1756597803803 66.0 6650
1756597805409 66.0 6700
1756597806944 67.0 6750
1756597808205 67.0 6800
1756597809884 67.0 6850
1756597811488 67.0 6900
1756597812835 67.0 6950
1756597814192 67.0 7000
1756597815587 67.0 7050
1756597817305 68.0 7100
1756597818807 68.0 7150
1756597820471 68.0 7200
1756597822178 68.0 7250
1756597823891 68.0 7300
1756597825539 68.0 7350
1756597826977 69.0 7400
1756597829081 69.0 7450
1756597830653 69.0 7500
1756597832086 70.0 7550
1756597833179 71.0 7600
1756597834707 72.0 7650
1756597836199 73.0 7700
1756597837534 73.0 7750
1756597839323 74.0 7800
1756597840680 76.0 7850
1756597842176 76.0 7900
1756597843585 77.0 7950
1756597845245 77.0 8000
1756597846688 77.0 8050
1756597848198 78.0 8100
1756597849673 78.0 8150
1756597851110 79.0 8200
1756597853138 80.0 8250
