1756597601149 50.0 50
1756597602888 97.0 100
1756597604557 147.0 150
1756597606078 197.0 200
1756597607686 247.0 250
1756597609284 297.0 300
1756597610719 347.0 350
1756597612189 397.0 400
1756597613709 447.0 450
1756597614894 497.0 500
1756597616975 546.0 550
1756597618790 596.0 600
1756597620241 646.0 650
1756597621671 694.0 700
1756597623212 744.0 750
1756597625608 794.0 800
1756597627221 843.0 850
1756597628432 893.0 900
1756597630005 942.0 950
1756597631165 991.0 1000
1756597633145 1041.0 1050
1756597634230 1090.0 1100
1756597635142 1137.0 1150
1756597636452 1187.0 1200
1756597638335 1237.0 1250
1756597639932 1287.0 1300
1756597641844 1336.0 1350
1756597643455 1384.0 1400
1756597644943 1434.0 1450
1756597646456 1484.0 1500
1756597647906 1534.0 1550
1756597649356 1583.0 1600
1756597650817 1632.0 1650
1756597651877 1682.0 1700
1756597653563 1732.0 1750
1756597655208 1781.0 1800
1756597656808 1831.0 1850
1756597658286 1881.0 1900
1756597659654 1931.0 1950
1756597661484 1979.0 2000
1756597662815 2029.0 2050
1756597664372 2078.0 2100
1756597665708 2128.0 2150
1756597667294 2177.0 2200
1756597668562 2227.0 2250
1756597669894 2277.0 2300
1756597671417 2325.0 2350
1756597672828 2375.0 2400
1756597674305 2425.0 2450
1756597675672 2475.0 2500
1756597677306 2524.0 2550
1756597678799 2574.0 2600
1756597680314 2624.0 2650
1756597682115 2674.0 2700
1756597683665 2724.0 2750
1756597685114 2774.0 2800
1756597686832 2824.0 2850
1756597687824 2874.0 2900
1756597689247 2924.0 2950
1756597690361 2974.0 3000
1756597692011 3022.0 3050
1756597693632 3072.0 3100
1756597694932 3119.0 3150
1756597696224 3168.0 3200
1756597697969 3218.0 3250
1756597699961 3268.0 3300
1756597701276 3318.0 3350
1756597702719 3367.0 3400
1756597704096 3417.0 3450
1756597705432 3466.0 3500
1756597707245 3515.0 3550
1756597709091 3565.0 3600
1756597710634 3614.0 3650
1756597711808 3663.0 3700
1756597713659 3713.0 3750
1756597715792 3763.0 3800
1756597717410 3812.0 3850
1756597719080 3860.0 3900
1756597720490 3910.0 3950
1756597722118 3960.0 4000
1756597723699 4010.0 4050
1756597725314 4060.0 4100
1756597727270 4109.0 4150
1756597728609 4159.0 4200
1756597730075 4209.0 4250
1756597731490 4259.0 4300
1756597732852 4309.0 4350
1756597733970 4359.0 4400
1756597735873 4409.0 4450
1756597737597 4457.0 4500
1756597738985 4507.0 4550
1756597740842 4557.0 4600
1756597742902 4605.0 4650
1756597744808 4654.0 4700
1756597746306 4704.0 4750
1756597747571 4754.0 4800
1756597748858 4804.0 4850
1756597750432 4854.0 4900
1756597752243 4904.0 4950
1756597753746 4953.0 5000
1756597754910 5002.0 5050
1756597756294 5052.0 5100
1756597757861 5101.0 5150
1756597759092 5149.0 5200
1756597760539 5198.0 5250
1756597761974 5247.0 5300
1756597763307 5296.0 5350
1756597764741 5346.0 5400
1756597766266 5396.0 5450
1756597767737 5443.0 5500
1756597768908 5493.0 5550
1756597770352 5542.0 5600
1756597771864 5592.0 5650
1756597774108 5642.0 5700
1756597775841 5690.0 5750
1756597777064 5740.0 5800
1756597778617 5789.0 5850
1756597780303 5838.0 5900
1756597781219 5888.0 5950
1756597782491 5938.0 6000
1756597784560 5988.0 6050
1756597785882 6037.0 6100
1756597787358 6087.0 6150
1756597789251 6136.0 6200
1756597790670 6186.0 6250
1756597792201 6236.0 6300
1756597793770 6286.0 6350
1756597795200 6336.0 6400
1756597797350 6385.0 6450
1756597798808 6435.0 6500
1756597800913 6485.0 6550
1756597802136 6534.0 6600
1756597803803 6584.0 6650
1756597805409 6634.0 6700
1756597806944 6683.0 6750
1756597808205 6733.0 6800
1756597809884 6783.0 6850
1756597811488 6833.0 6900
1756597812835 6883.0 6950
1756597814192 6933.0 7000
1756597815587 6983.0 7050
1756597817305 7032.0 7100
1756597818807 7082.0 7150
1756597820471 7132.0 7200
1756597822178 7182.0 7250
1756597823891 7232.0 7300
1756597825539 7282.0 7350
1756597826977 7331.0 7400
1756597829081 7381.0 7450
1756597830653 7431.0 7500
1756597832086 7480.0 7550
1756597833179 7529.0 7600
1756597834707 7578.0 7650
1756597836199 7627.0 7700
1756597837534 7677.0 7750
1756597839323 7726.0 7800
1756597840680 7774.0 7850
1756597842176 7824.0 7900
1756597843585 7873.0 7950
1756597845245 7923.0 8000
1756597846688 7973.0 8050
1756597848198 8022.0 8100
1756597849673 8072.0 8150
1756597851110 8121.0 8200
1756597853138 8170.0 8250
