1756597601149 50.0 50
1756597602888 100.0 100
1756597604557 150.0 150
1756597606078 200.0 200
1756597607686 250.0 250
1756597609284 300.0 300
1756597610719 350.0 350
1756597612189 400.0 400
1756597613709 450.0 450
1756597614894 500.0 500
1756597616975 550.0 550
1756597618790 600.0 600
1756597620241 650.0 650
1756597621671 700.0 700
1756597623212 750.0 750
1756597625608 800.0 800
1756597627221 850.0 850
1756597628432 900.0 900
1756597630005 950.0 950
1756597631165 1000.0 1000
1756597633145 1050.0 1050
1756597634230 1100.0 1100
1756597635142 1150.0 1150
1756597636452 1200.0 1200
1756597638335 1250.0 1250
1756597639932 1300.0 1300
1756597641844 1350.0 1350
1756597643455 1400.0 1400
1756597644943 1450.0 1450
1756597646456 1500.0 1500
1756597647906 1550.0 1550
1756597649356 1600.0 1600
1756597650817 1650.0 1650
1756597651877 1700.0 1700
1756597653563 1750.0 1750
1756597655208 1800.0 1800
1756597656808 1850.0 1850
1756597658286 1900.0 1900
1756597659654 1950.0 1950
1756597661484 2000.0 2000
1756597662815 2050.0 2050
1756597664372 2100.0 2100
1756597665708 2150.0 2150
1756597667294 2200.0 2200
1756597668562 2250.0 2250
1756597669894 2300.0 2300
1756597671417 2350.0 2350
1756597672828 2400.0 2400
1756597674305 2450.0 2450
1756597675672 2500.0 2500
1756597677306 2550.0 2550
1756597678799 2600.0 2600
1756597680314 2650.0 2650
1756597682115 2700.0 2700
1756597683665 2750.0 2750
1756597685114 2800.0 2800
1756597686832 2850.0 2850
1756597687824 2900.0 2900
1756597689247 2950.0 2950
1756597690361 3000.0 3000
1756597692011 3050.0 3050
1756597693632 3100.0 3100
1756597694932 3150.0 3150
1756597696224 3200.0 3200
1756597697969 3250.0 3250
1756597699961 3300.0 3300
1756597701276 3350.0 3350
1756597702719 3400.0 3400
1756597704096 3450.0 3450
1756597705432 3500.0 3500
1756597707245 3550.0 3550
1756597709091 3600.0 3600
1756597710634 3650.0 3650
1756597711808 3700.0 3700
1756597713659 3750.0 3750
1756597715792 3800.0 3800
1756597717410 3850.0 3850
1756597719080 3900.0 3900
1756597720490 3950.0 3950
1756597722118 4000.0 4000
1756597723699 4050.0 4050
1756597725314 4100.0 4100
1756597727270 4150.0 4150
1756597728609 4200.0 4200
1756597730075 4250.0 4250
1756597731490 4300.0 4300
1756597732852 4350.0 4350
1756597733970 4400.0 4400
1756597735873 4450.0 4450
1756597737597 4500.0 4500
1756597738985 4550.0 4550
1756597740842 4600.0 4600
1756597742902 4650.0 4650
1756597744808 4700.0 4700
1756597746306 4750.0 4750
1756597747571 4800.0 4800
1756597748858 4850.0 4850
1756597750432 4900.0 4900
1756597752243 4950.0 4950
1756597753746 5000.0 5000
1756597754910 5050.0 5050
1756597756294 5100.0 5100
1756597757861 5150.0 5150
1756597759092 5200.0 5200
1756597760539 5250.0 5250
1756597761974 5300.0 5300
1756597763307 5350.0 5350
1756597764741 5400.0 5400
1756597766266 5450.0 5450
1756597767737 5500.0 5500
1756597768908 5550.0 5550
1756597770352 5600.0 5600
1756597771864 5650.0 5650
1756597774108 5700.0 5700
1756597775841 5750.0 5750
1756597777064 5800.0 5800
1756597778617 5850.0 5850
1756597780303 5900.0 5900
1756597781219 5950.0 5950
1756597782491 6000.0 6000
1756597784560 6050.0 6050
1756597785882 6100.0 6100
1756597787358 6150.0 6150
1756597789251 6200.0 6200
1756597790670 6250.0 6250
1756597792201 6300.0 6300
1756597793770 6350.0 6350
1756597795200 6400.0 6400
1756597797350 6450.0 6450
1756597798808 6500.0 6500
1756597800913 6550.0 6550
1756597802136 6600.0 6600
1756597803803 6650.0 6650
1756597805409 6700.0 6700
1756597806944 6750.0 6750
1756597808205 6800.0 6800
1756597809884 6850.0 6850
1756597811488 6900.0 6900
1756597812835 6950.0 6950
1756597814192 7000.0 7000
1756597815587 7050.0 7050
1756597817305 7100.0 7100
1756597818807 7150.0 7150
1756597820471 7200.0 7200
1756597822178 7250.0 7250
1756597823891 7300.0 7300
1756597825539 7350.0 7350
1756597826977 7400.0 7400
1756597829081 7450.0 7450
1756597830653 7500.0 7500
1756597832086 7550.0 7550
1756597833179 7600.0 7600
1756597834707 7650.0 7650
1756597836199 7700.0 7700
1756597837534 7750.0 7750
1756597839323 7800.0 7800
1756597840680 7850.0 7850
1756597842176 7900.0 7900
1756597843585 7950.0 7950
1756597845245 8000.0 8000
1756597846688 8050.0 8050
1756597848198 8100.0 8100
1756597849673 8150.0 8150
1756597851110 8200.0 8200
1756597853138 8250.0 8250
