1756597601149 1022.0 50
1756597602888 2001.0 100
1756597604557 3105.0 150
1756597606078 3999.0 200
1756597607686 5052.0 250
1756597609284 6018.0 300
1756597610719 6868.0 350
1756597612189 7739.0 400
1756597613709 8681.0 450
1756597614894 9337.0 500
1756597616975 10622.0 550
1756597618790 11827.0 600
1756597620241 12704.0 650
1756597621671 13564.0 700
1756597623212 14533.0 750
1756597625608 16140.0 800
1756597627221 17125.0 850
1756597628432 17869.0 900
1756597630005 18881.0 950
1756597631165 19533.0 1000
1756597633145 20750.0 1050
1756597634230 21383.0 1100
1756597635142 21923.0 1150
1756597636452 22715.0 1200
1756597638335 23870.0 1250
1756597639932 24878.0 1300
1756597641844 26131.0 1350
1756597643455 27150.0 1400
1756597644943 28085.0 1450
1756597646456 28967.0 1500
1756597647906 29833.0 1550
1756597649356 30693.0 1600
1756597650817 31592.0 1650
1756597651877 32171.0 1700
1756597653563 33206.0 1750
1756597655208 34252.0 1800
1756597656808 35251.0 1850
1756597658286 36171.0 1900
1756597659654 37027.0 1950
1756597661484 38163.0 2000
1756597662815 38925.0 2050
1756597664372 39898.0 2100
1756597665708 40725.0 2150
1756597667294 41686.0 2200
1756597668562 42415.0 2250
1756597669894 43238.0 2300
1756597671417 44122.0 2350
1756597672828 44962.0 2400
1756597674305 45879.0 2450
1756597675672 46736.0 2500
1756597677306 47708.0 2550
1756597678799 48626.0 2600
1756597680314 49552.0 2650
1756597682115 50655.0 2700
1756597683665 51628.0 2750
1756597685114 52517.0 2800
1756597686832 53623.0 2850
1756597687824 54206.0 2900
1756597689247 55123.0 2950
1756597690361 55791.0 3000
1756597692011 56825.0 3050
1756597693632 57852.0 3100
1756597694932 58656.0 3150
1756597696224 59445.0 3200
1756597697969 60574.0 3250
1756597699961 61842.0 3300
1756597701276 62646.0 3350
1756597702719 63516.0 3400
1756597704096 64379.0 3450
1756597705432 65210.0 3500
1756597707245 66216.0 3550
1756597709091 67398.0 3600
1756597710634 68350.0 3650
1756597711808 69062.0 3700
1756597713659 70314.0 3750
1756597715792 71684.0 3800
1756597717410 72695.0 3850
1756597719080 73730.0 3900
1756597720490 74533.0 3950
1756597722118 75529.0 4000
1756597723699 76530.0 4050
1756597725314 77495.0 4100
1756597727270 78748.0 4150
1756597728609 79577.0 4200
1756597730075 80491.0 4250
1756597731490 81393.0 4300
1756597732852 82256.0 4350
1756597733970 82933.0 4400
1756597735873 84148.0 4450
1756597737597 85212.0 4500
1756597738985 86048.0 4550
1756597740842 87232.0 4600
1756597742902 88570.0 4650
1756597744808 89783.0 4700
1756597746306 90652.0 4750
1756597747571 91357.0 4800
1756597748858 92140.0 4850
1756597750432 93131.0 4900
1756597752243 94192.0 4950
1756597753746 95144.0 5000
1756597754910 95818.0 5050
1756597756294 96693.0 5100
1756597757861 97700.0 5150
1756597759092 98457.0 5200
1756597760539 99318.0 5250
1756597761974 100153.0 5300
1756597763307 100933.0 5350
1756597764741 101812.0 5400
1756597766266 102786.0 5450
1756597767737 103646.0 5500
1756597768908 104326.0 5550
1756597770352 105210.0 5600
1756597771864 106201.0 5650
1756597774108 107682.0 5700
1756597775841 108741.0 5750
1756597777064 109479.0 5800
1756597778617 110471.0 5850
1756597780303 111498.0 5900
1756597781219 112031.0 5950
1756597782491 112819.0 6000
1756597784560 114195.0 6050
1756597785882 115020.0 6100
1756597787358 115926.0 6150
1756597789251 117147.0 6200
1756597790670 118016.0 6250
1756597792201 118968.0 6300
1756597793770 119951.0 6350
1756597795200 120861.0 6400
1756597797350 122172.0 6450
1756597798808 123129.0 6500
1756597800913 124468.0 6550
1756597802136 125247.0 6600
1756597803803 126312.0 6650
1756597805409 127364.0 6700
1756597806944 128297.0 6750
1756597808205 129070.0 6800
1756597809884 130121.0 6850
1756597811488 131119.0 6900
1756597812835 131892.0 6950
1756597814192 132686.0 7000
1756597815587 133412.0 7050
1756597817305 134507.0 7100
1756597818807 135465.0 7150
1756597820471 136465.0 7200
1756597822178 137530.0 7250
1756597823891 138543.0 7300
1756597825539 139529.0 7350
1756597826977 140395.0 7400
1756597829081 141817.0 7450
1756597830653 142756.0 7500
1756597832086 143611.0 7550
1756597833179 144247.0 7600
1756597834707 145171.0 7650
1756597836199 146060.0 7700
1756597837534 146845.0 7750
1756597839323 148017.0 7800
1756597840680 148863.0 7850
1756597842176 149712.0 7900
1756597843585 150514.0 7950
1756597845245 151533.0 8000
1756597846688 152421.0 8050
1756597848198 153356.0 8100
1756597849673 154296.0 8150
1756597851110 155198.0 8200
1756597853138 156478.0 8250
