1756595478371 0.0 50
1756595479994 3.0 100
1756595481642 3.0 150
1756595483161 3.0 200
1756595484772 3.0 250
1756595486374 3.0 300
1756595487774 3.0 350
1756595489219 3.0 400
1756595490740 3.0 450
1756595491957 3.0 500
1756595493931 4.0 550
1756595495957 4.0 600
1756595497537 4.0 650
1756595499053 6.0 700
1756595500623 6.0 750
1756595503015 6.0 800
1756595504634 7.0 850
1756595505840 7.0 900
1756595507422 8.0 950
1756595508561 9.0 1000
1756595510543 9.0 1050
1756595511643 10.0 1100
1756595512563 13.0 1150
1756595513871 13.0 1200
1756595515874 13.0 1250
1756595517483 13.0 1300
1756595519581 14.0 1350
1756595521250 16.0 1400
1756595522768 16.0 1450
1756595524249 16.0 1500
1756595525741 16.0 1550
1756595527198 17.0 1600
1756595528661 18.0 1650
1756595529720 18.0 1700
1756595531430 18.0 1750
1756595533119 19.0 1800
1756595534726 19.0 1850
1756595536435 19.0 1900
1756595537872 19.0 1950
1756595539722 21.0 2000
1756595541060 21.0 2050
1756595542617 22.0 2100
1756595543952 22.0 2150
1756595545539 23.0 2200
1756595546819 23.0 2250
1756595548159 23.0 2300
1756595549678 25.0 2350
1756595551090 25.0 2400
1756595552565 25.0 2450
1756595553926 25.0 2500
1756595555471 26.0 2550
1756595556964 26.0 2600
1756595558473 26.0 2650
1756595560269 26.0 2700
1756595561821 26.0 2750
1756595563270 26.0 2800
1756595565001 26.0 2850
1756595566006 26.0 2900
1756595567523 26.0 2950
1756595568639 26.0 3000
1756595570474 28.0 3050
1756595572257 28.0 3100
1756595573566 31.0 3150
1756595574861 32.0 3200
1756595576660 32.0 3250
1756595578675 32.0 3300
1756595580113 32.0 3350
1756595581586 33.0 3400
1756595582968 33.0 3450
1756595584302 34.0 3500
1756595586001 35.0 3550
1756595588006 35.0 3600
1756595589942 36.0 3650
1756595591183 37.0 3700
1756595593109 37.0 3750
1756595595278 37.0 3800
1756595596936 38.0 3850
1756595599159 40.0 3900
1756595600629 40.0 3950
1756595602265 40.0 4000
1756595604037 40.0 4050
1756595606678 40.0 4100
1756595609022 41.0 4150
1756595610406 41.0 4200
1756595611938 41.0 4250
1756595613432 41.0 4300
1756595614848 41.0 4350
1756595616213 41.0 4400
1756595621008 41.0 4450
1756595623340 43.0 4500
1756595624858 43.0 4550
1756595627648 43.0 4600
1756595630152 45.0 4650
1756595632362 46.0 4700
1756595633904 46.0 4750
1756595635177 46.0 4800
1756595636559 46.0 4850
1756595638161 46.0 4900
1756595639988 46.0 4950
1756595641523 47.0 5000
1756595642704 48.0 5050
1756595644108 48.0 5100
1756595645710 49.0 5150
1756595647113 51.0 5200
1756595648569 52.0 5250
1756595650049 53.0 5300
1756595651411 54.0 5350
1756595652866 54.0 5400
1756595654414 54.0 5450
1756595655843 57.0 5500
1756595657032 57.0 5550
1756595658499 58.0 5600
1756595660016 58.0 5650
1756595662290 58.0 5700
1756595664037 60.0 5750
1756595665266 60.0 5800
1756595666951 61.0 5850
1756595668661 62.0 5900
1756595669585 62.0 5950
1756595670873 62.0 6000
1756595672971 62.0 6050
1756595674304 63.0 6100
1756595675804 63.0 6150
1756595677700 64.0 6200
1756595679127 64.0 6250
1756595680698 64.0 6300
1756595682331 64.0 6350
1756595683938 64.0 6400
1756595686146 65.0 6450
1756595687771 65.0 6500
1756595690243 65.0 6550
1756595691563 66.0 6600
1756595693417 66.0 6650
1756595695280 66.0 6700
1756595697269 67.0 6750
1756595698836 67.0 6800
1756595700618 67.0 6850
1756595703432 67.0 6900
1756595704975 67.0 6950
1756595706432 67.0 7000
1756595707901 67.0 7050
1756595709714 68.0 7100
1756595711260 68.0 7150
1756595713221 68.0 7200
1756595715063 68.0 7250
1756595716855 68.0 7300
1756595718689 68.0 7350
1756595720185 69.0 7400
1756595722395 69.0 7450
1756595724068 69.0 7500
1756595725621 70.0 7550
1756595726790 71.0 7600
1756595728430 72.0 7650
1756595730069 73.0 7700
1756595731541 73.0 7750
1756595733685 74.0 7800
1756595735152 76.0 7850
1756595736700 76.0 7900
1756595738192 77.0 7950
1756595739853 77.0 8000
1756595741417 77.0 8050
1756595742969 78.0 8100
1756595744471 78.0 8150
1756595745962 79.0 8200
1756595748420 80.0 8250
