1756595478371 50.0 50
1756595479994 97.0 100
1756595481642 147.0 150
1756595483161 197.0 200
1756595484772 247.0 250
1756595486374 297.0 300
1756595487774 347.0 350
1756595489219 397.0 400
1756595490740 447.0 450
1756595491957 497.0 500
1756595493931 546.0 550
1756595495957 596.0 600
1756595497537 646.0 650
1756595499053 694.0 700
1756595500623 744.0 750
1756595503015 794.0 800
1756595504634 843.0 850
1756595505840 893.0 900
1756595507422 942.0 950
1756595508561 991.0 1000
1756595510543 1041.0 1050
1756595511643 1090.0 1100
1756595512563 1137.0 1150
1756595513871 1187.0 1200
1756595515874 1237.0 1250
1756595517483 1287.0 1300
1756595519581 1336.0 1350
1756595521250 1384.0 1400
1756595522768 1434.0 1450
1756595524249 1484.0 1500
1756595525741 1534.0 1550
1756595527198 1583.0 1600
1756595528661 1632.0 1650
1756595529720 1682.0 1700
1756595531430 1732.0 1750
1756595533119 1781.0 1800
1756595534726 1831.0 1850
1756595536435 1881.0 1900
1756595537872 1931.0 1950
1756595539722 1979.0 2000
1756595541060 2029.0 2050
1756595542617 2078.0 2100
1756595543952 2128.0 2150
1756595545539 2177.0 2200
1756595546819 2227.0 2250
1756595548159 2277.0 2300
1756595549678 2325.0 2350
1756595551090 2375.0 2400
1756595552565 2425.0 2450
1756595553926 2475.0 2500
1756595555471 2524.0 2550
1756595556964 2574.0 2600
1756595558473 2624.0 2650
1756595560269 2674.0 2700
1756595561821 2724.0 2750
1756595563270 2774.0 2800
1756595565001 2824.0 2850
1756595566006 2874.0 2900
1756595567523 2924.0 2950
1756595568639 2974.0 3000
1756595570474 3022.0 3050
1756595572257 3072.0 3100
1756595573566 3119.0 3150
1756595574861 3168.0 3200
1756595576660 3218.0 3250
1756595578675 3268.0 3300
1756595580113 3318.0 3350
1756595581586 3367.0 3400
1756595582968 3417.0 3450
1756595584302 3466.0 3500
1756595586001 3515.0 3550
1756595588006 3565.0 3600
1756595589942 3614.0 3650
1756595591183 3663.0 3700
1756595593109 3713.0 3750
1756595595278 3763.0 3800
1756595596936 3812.0 3850
1756595599159 3860.0 3900
1756595600629 3910.0 3950
1756595602265 3960.0 4000
1756595604037 4010.0 4050
1756595606678 4060.0 4100
1756595609022 4109.0 4150
1756595610406 4159.0 4200
1756595611938 4209.0 4250
1756595613432 4259.0 4300
1756595614848 4309.0 4350
1756595616213 4359.0 4400
1756595621008 4409.0 4450
1756595623340 4457.0 4500
1756595624858 4507.0 4550
1756595627648 4557.0 4600
1756595630152 4605.0 4650
1756595632362 4654.0 4700
1756595633904 4704.0 4750
1756595635177 4754.0 4800
1756595636559 4804.0 4850
1756595638161 4854.0 4900
1756595639988 4904.0 4950
1756595641523 4953.0 5000
1756595642704 5002.0 5050
1756595644108 5052.0 5100
1756595645710 5101.0 5150
1756595647113 5149.0 5200
1756595648569 5198.0 5250
1756595650049 5247.0 5300
1756595651411 5296.0 5350
1756595652866 5346.0 5400
1756595654414 5396.0 5450
1756595655843 5443.0 5500
1756595657032 5493.0 5550
1756595658499 5542.0 5600
1756595660016 5592.0 5650
1756595662290 5642.0 5700
1756595664037 5690.0 5750
1756595665266 5740.0 5800
1756595666951 5789.0 5850
1756595668661 5838.0 5900
1756595669585 5888.0 5950
1756595670873 5938.0 6000
1756595672971 5988.0 6050
1756595674304 6037.0 6100
1756595675804 6087.0 6150
1756595677700 6136.0 6200
1756595679127 6186.0 6250
1756595680698 6236.0 6300
1756595682331 6286.0 6350
1756595683938 6336.0 6400
1756595686146 6385.0 6450
1756595687771 6435.0 6500
1756595690243 6485.0 6550
1756595691563 6534.0 6600
1756595693417 6584.0 6650
1756595695280 6634.0 6700
1756595697269 6683.0 6750
1756595698836 6733.0 6800
1756595700618 6783.0 6850
1756595703432 6833.0 6900
1756595704975 6883.0 6950
1756595706432 6933.0 7000
1756595707901 6983.0 7050
1756595709714 7032.0 7100
1756595711260 7082.0 7150
1756595713221 7132.0 7200
1756595715063 7182.0 7250
1756595716855 7232.0 7300
1756595718689 7282.0 7350
1756595720185 7331.0 7400
1756595722395 7381.0 7450
1756595724068 7431.0 7500
1756595725621 7480.0 7550
1756595726790 7529.0 7600
1756595728430 7578.0 7650
1756595730069 7627.0 7700
1756595731541 7677.0 7750
1756595733685 7726.0 7800
1756595735152 7774.0 7850
1756595736700 7824.0 7900
1756595738192 7873.0 7950
1756595739853 7923.0 8000
1756595741417 7973.0 8050
1756595742969 8022.0 8100
1756595744471 8072.0 8150
1756595745962 8121.0 8200
1756595748420 8170.0 8250
