1756595478371 50.0 50
1756595479994 100.0 100
1756595481642 150.0 150
1756595483161 200.0 200
1756595484772 250.0 250
1756595486374 300.0 300
1756595487774 350.0 350
1756595489219 400.0 400
1756595490740 450.0 450
1756595491957 500.0 500
1756595493931 550.0 550
1756595495957 600.0 600
1756595497537 650.0 650
1756595499053 700.0 700
1756595500623 750.0 750
1756595503015 800.0 800
1756595504634 850.0 850
1756595505840 900.0 900
1756595507422 950.0 950
1756595508561 1000.0 1000
1756595510543 1050.0 1050
1756595511643 1100.0 1100
1756595512563 1150.0 1150
1756595513871 1200.0 1200
1756595515874 1250.0 1250
1756595517483 1300.0 1300
1756595519581 1350.0 1350
1756595521250 1400.0 1400
1756595522768 1450.0 1450
1756595524249 1500.0 1500
1756595525741 1550.0 1550
1756595527198 1600.0 1600
1756595528661 1650.0 1650
1756595529720 1700.0 1700
1756595531430 1750.0 1750
1756595533119 1800.0 1800
1756595534726 1850.0 1850
1756595536435 1900.0 1900
1756595537872 1950.0 1950
1756595539722 2000.0 2000
1756595541060 2050.0 2050
1756595542617 2100.0 2100
1756595543952 2150.0 2150
1756595545539 2200.0 2200
1756595546819 2250.0 2250
1756595548159 2300.0 2300
1756595549678 2350.0 2350
1756595551090 2400.0 2400
1756595552565 2450.0 2450
1756595553926 2500.0 2500
1756595555471 2550.0 2550
1756595556964 2600.0 2600
1756595558473 2650.0 2650
1756595560269 2700.0 2700
1756595561821 2750.0 2750
1756595563270 2800.0 2800
1756595565001 2850.0 2850
1756595566006 2900.0 2900
1756595567523 2950.0 2950
1756595568639 3000.0 3000
1756595570474 3050.0 3050
1756595572257 3100.0 3100
1756595573566 3150.0 3150
1756595574861 3200.0 3200
1756595576660 3250.0 3250
1756595578675 3300.0 3300
1756595580113 3350.0 3350
1756595581586 3400.0 3400
1756595582968 3450.0 3450
1756595584302 3500.0 3500
1756595586001 3550.0 3550
1756595588006 3600.0 3600
1756595589942 3650.0 3650
1756595591183 3700.0 3700
1756595593109 3750.0 3750
1756595595278 3800.0 3800
1756595596936 3850.0 3850
1756595599159 3900.0 3900
1756595600629 3950.0 3950
1756595602265 4000.0 4000
1756595604037 4050.0 4050
1756595606678 4100.0 4100
1756595609022 4150.0 4150
1756595610406 4200.0 4200
1756595611938 4250.0 4250
1756595613432 4300.0 4300
1756595614848 4350.0 4350
1756595616213 4400.0 4400
1756595621008 4450.0 4450
1756595623340 4500.0 4500
1756595624858 4550.0 4550
1756595627648 4600.0 4600
1756595630152 4650.0 4650
1756595632362 4700.0 4700
1756595633904 4750.0 4750
1756595635177 4800.0 4800
1756595636559 4850.0 4850
1756595638161 4900.0 4900
1756595639988 4950.0 4950
1756595641523 5000.0 5000
1756595642704 5050.0 5050
1756595644108 5100.0 5100
1756595645710 5150.0 5150
1756595647113 5200.0 5200
1756595648569 5250.0 5250
1756595650049 5300.0 5300
1756595651411 5350.0 5350
1756595652866 5400.0 5400
1756595654414 5450.0 5450
1756595655843 5500.0 5500
1756595657032 5550.0 5550
1756595658499 5600.0 5600
1756595660016 5650.0 5650
1756595662290 5700.0 5700
1756595664037 5750.0 5750
1756595665266 5800.0 5800
1756595666951 5850.0 5850
1756595668661 5900.0 5900
1756595669585 5950.0 5950
1756595670873 6000.0 6000
1756595672971 6050.0 6050
1756595674304 6100.0 6100
1756595675804 6150.0 6150
1756595677700 6200.0 6200
1756595679127 6250.0 6250
1756595680698 6300.0 6300
1756595682331 6350.0 6350
1756595683938 6400.0 6400
1756595686146 6450.0 6450
1756595687771 6500.0 6500
1756595690243 6550.0 6550
1756595691563 6600.0 6600
1756595693417 6650.0 6650
1756595695280 6700.0 6700
1756595697269 6750.0 6750
1756595698836 6800.0 6800
1756595700618 6850.0 6850
1756595703432 6900.0 6900
1756595704975 6950.0 6950
1756595706432 7000.0 7000
1756595707901 7050.0 7050
1756595709714 7100.0 7100
1756595711260 7150.0 7150
1756595713221 7200.0 7200
1756595715063 7250.0 7250
1756595716855 7300.0 7300
1756595718689 7350.0 7350
1756595720185 7400.0 7400
1756595722395 7450.0 7450
1756595724068 7500.0 7500
1756595725621 7550.0 7550
1756595726790 7600.0 7600
1756595728430 7650.0 7650
1756595730069 7700.0 7700
1756595731541 7750.0 7750
1756595733685 7800.0 7800
1756595735152 7850.0 7850
1756595736700 7900.0 7900
1756595738192 7950.0 7950
1756595739853 8000.0 8000
1756595741417 8050.0 8050
1756595742969 8100.0 8100
1756595744471 8150.0 8150
1756595745962 8200.0 8200
1756595748420 8250.0 8250
