1756595478371 1022.0 50
1756595479994 2001.0 100
1756595481642 3105.0 150
1756595483161 3999.0 200
1756595484772 5052.0 250
1756595486374 6018.0 300
1756595487774 6868.0 350
1756595489219 7739.0 400
1756595490740 8681.0 450
1756595491957 9337.0 500
1756595493931 10622.0 550
1756595495957 11827.0 600
1756595497537 12704.0 650
1756595499053 13564.0 700
1756595500623 14533.0 750
1756595503015 16140.0 800
1756595504634 17125.0 850
1756595505840 17869.0 900
1756595507422 18881.0 950
1756595508561 19533.0 1000
1756595510543 20750.0 1050
1756595511643 21383.0 1100
1756595512563 21923.0 1150
1756595513871 22715.0 1200
1756595515874 23870.0 1250
1756595517483 24878.0 1300
1756595519581 26131.0 1350
1756595521250 27150.0 1400
1756595522768 28085.0 1450
1756595524249 28967.0 1500
1756595525741 29833.0 1550
1756595527198 30693.0 1600
1756595528661 31592.0 1650
1756595529720 32171.0 1700
1756595531430 33206.0 1750
1756595533119 34252.0 1800
1756595534726 35251.0 1850
1756595536435 36171.0 1900
1756595537872 37027.0 1950
1756595539722 38163.0 2000
1756595541060 38925.0 2050
1756595542617 39898.0 2100
1756595543952 40725.0 2150
1756595545539 41686.0 2200
1756595546819 42415.0 2250
1756595548159 43238.0 2300
1756595549678 44122.0 2350
1756595551090 44962.0 2400
1756595552565 45879.0 2450
1756595553926 46736.0 2500
1756595555471 47708.0 2550
1756595556964 48626.0 2600
1756595558473 49552.0 2650
1756595560269 50655.0 2700
1756595561821 51628.0 2750
1756595563270 52517.0 2800
1756595565001 53623.0 2850
1756595566006 54206.0 2900
1756595567523 55123.0 2950
1756595568639 55791.0 3000
1756595570474 56825.0 3050
1756595572257 57852.0 3100
1756595573566 58656.0 3150
1756595574861 59445.0 3200
1756595576660 60574.0 3250
1756595578675 61842.0 3300
1756595580113 62646.0 3350
1756595581586 63516.0 3400
1756595582968 64379.0 3450
1756595584302 65210.0 3500
1756595586001 66216.0 3550
1756595588006 67398.0 3600
1756595589942 68350.0 3650
1756595591183 69062.0 3700
1756595593109 70314.0 3750
1756595595278 71684.0 3800
1756595596936 72695.0 3850
1756595599159 73730.0 3900
1756595600629 74533.0 3950
1756595602265 75529.0 4000
1756595604037 76530.0 4050
1756595606678 77495.0 4100
1756595609022 78748.0 4150
1756595610406 79577.0 4200
1756595611938 80491.0 4250
1756595613432 81393.0 4300
1756595614848 82256.0 4350
1756595616213 82933.0 4400
1756595621008 84148.0 4450
1756595623340 85212.0 4500
1756595624858 86048.0 4550
1756595627648 87232.0 4600
1756595630152 88570.0 4650
1756595632362 89783.0 4700
1756595633904 90652.0 4750
1756595635177 91357.0 4800
1756595636559 92140.0 4850
1756595638161 93131.0 4900
1756595639988 94192.0 4950
1756595641523 95144.0 5000
1756595642704 95818.0 5050
1756595644108 96693.0 5100
1756595645710 97700.0 5150
1756595647113 98457.0 5200
1756595648569 99318.0 5250
1756595650049 100153.0 5300
1756595651411 100933.0 5350
1756595652866 101812.0 5400
1756595654414 102786.0 5450
1756595655843 103646.0 5500
1756595657032 104326.0 5550
1756595658499 105210.0 5600
1756595660016 106201.0 5650
1756595662290 107682.0 5700
1756595664037 108741.0 5750
1756595665266 109479.0 5800
1756595666951 110471.0 5850
1756595668661 111498.0 5900
1756595669585 112031.0 5950
1756595670873 112819.0 6000
1756595672971 114195.0 6050
1756595674304 115020.0 6100
1756595675804 115926.0 6150
1756595677700 117147.0 6200
1756595679127 118016.0 6250
1756595680698 118968.0 6300
1756595682331 119951.0 6350
1756595683938 120861.0 6400
1756595686146 122172.0 6450
1756595687771 123129.0 6500
1756595690243 124468.0 6550
1756595691563 125247.0 6600
1756595693417 126312.0 6650
1756595695280 127364.0 6700
1756595697269 128297.0 6750
1756595698836 129070.0 6800
1756595700618 130121.0 6850
1756595703432 131119.0 6900
1756595704975 131892.0 6950
1756595706432 132686.0 7000
1756595707901 133412.0 7050
1756595709714 134507.0 7100
1756595711260 135465.0 7150
1756595713221 136465.0 7200
1756595715063 137530.0 7250
1756595716855 138543.0 7300
1756595718689 139529.0 7350
1756595720185 140395.0 7400
1756595722395 141817.0 7450
1756595724068 142756.0 7500
1756595725621 143611.0 7550
1756595726790 144247.0 7600
1756595728430 145171.0 7650
1756595730069 146060.0 7700
1756595731541 146845.0 7750
1756595733685 148017.0 7800
1756595735152 148863.0 7850
1756595736700 149712.0 7900
1756595738192 150514.0 7950
1756595739853 151533.0 8000
1756595741417 152421.0 8050
1756595742969 153356.0 8100
1756595744471 154296.0 8150
1756595745962 155198.0 8200
1756595748420 156478.0 8250
