1756614957508 0.0 50
1756614959978 3.0 100
1756614961616 3.0 150
1756614963146 3.0 200
1756614964947 3.0 250
1756614966639 3.0 300
1756614968176 3.0 350
1756614969671 3.0 400
1756614971249 3.0 450
1756614972443 3.0 500
1756614974640 4.0 550
1756614976502 4.0 600
1756614977967 4.0 650
1756614979814 6.0 700
1756614981340 6.0 750
1756614983702 6.0 800
1756614985401 7.0 850
1756614986627 7.0 900
1756614988205 7.0 950
1756614989466 8.0 1000
1756614991415 8.0 1050
1756614992601 9.0 1100
1756614993911 12.0 1150
1756614995209 12.0 1200
1756614997091 12.0 1250
1756614998687 12.0 1300
1756615000695 13.0 1350
1756615002465 15.0 1400
1756615003969 15.0 1450
1756615005350 15.0 1500
1756615006797 15.0 1550
1756615008301 16.0 1600
1756615009847 17.0 1650
1756615010988 17.0 1700
1756615012566 17.0 1750
1756615014292 18.0 1800
1756615015877 18.0 1850
1756615017349 18.0 1900
1756615018655 18.0 1950
1756615020635 20.0 2000
1756615021925 20.0 2050
1756615023555 21.0 2100
1756615024910 21.0 2150
1756615026582 22.0 2200
1756615027839 22.0 2250
1756615029219 23.0 2300
1756615030837 24.0 2350
1756615032261 24.0 2400
1756615033708 24.0 2450
1756615035051 24.0 2500
1756615036736 25.0 2550
1756615038129 25.0 2600
1756615039629 25.0 2650
1756615041389 25.0 2700
1756615042894 25.0 2750
1756615044314 25.0 2800
1756615046000 25.0 2850
1756615047070 25.0 2900
1756615048471 25.0 2950
1756615049841 25.0 3000
1756615051927 27.0 3050
1756615053532 27.0 3100
1756615055465 30.0 3150
1756615056903 31.0 3200
1756615058643 31.0 3250
1756615060678 31.0 3300
1756615062061 31.0 3350
1756615063685 32.0 3400
1756615065085 32.0 3450
1756615066560 33.0 3500
1756615068760 34.0 3550
1756615070616 34.0 3600
1756615072439 35.0 3650
1756615073624 36.0 3700
1756615075479 36.0 3750
1756615077751 37.0 3800
1756615079378 37.0 3850
1756615081349 39.0 3900
1756615082730 39.0 3950
1756615084350 39.0 4000
1756615085921 39.0 4050
1756615087555 39.0 4100
1756615089574 40.0 4150
1756615090925 40.0 4200
1756615092383 40.0 4250
1756615093806 40.0 4300
1756615095119 40.0 4350
1756615096226 40.0 4400
1756615098125 40.0 4450
1756615100036 42.0 4500
1756615101429 42.0 4550
1756615103239 42.0 4600
1756615105526 44.0 4650
1756615108978 45.0 4700
1756615110450 45.0 4750
1756615111700 45.0 4800
1756615112994 45.0 4850
1756615114557 45.0 4900
1756615116357 45.0 4950
1756615118045 46.0 5000
1756615119278 47.0 5050
1756615120677 47.0 5100
1756615122359 48.0 5150
1756615123851 50.0 5200
1756615125430 51.0 5250
1756615126947 52.0 5300
1756615128370 53.0 5350
1756615129767 53.0 5400
1756615131334 53.0 5450
1756615133063 56.0 5500
1756615134210 56.0 5550
1756615135787 57.0 5600
1756615137302 57.0 5650
1756615139742 57.0 5700
1756615141775 59.0 5750
1756615142996 59.0 5800
1756615144688 60.0 5850
1756615146432 61.0 5900
1756615147322 61.0 5950
1756615148631 61.0 6000
1756615150650 61.0 6050
1756615152111 62.0 6100
1756615153714 62.0 6150
1756615155590 63.0 6200
1756615157053 63.0 6250
1756615158668 63.0 6300
1756615160329 63.0 6350
1756615161709 63.0 6400
1756615163903 64.0 6450
1756615165351 64.0 6500
1756615167426 64.0 6550
1756615168845 65.0 6600
1756615170429 65.0 6650
1756615172022 65.0 6700
1756615173635 66.0 6750
1756615174877 66.0 6800
1756615176531 66.0 6850
1756615178182 66.0 6900
1756615179535 66.0 6950
1756615180852 66.0 7000
1756615182232 66.0 7050
1756615184075 67.0 7100
1756615185520 67.0 7150
1756615187198 67.0 7200
1756615189128 67.0 7250
1756615190755 67.0 7300
1756615192457 67.0 7350
1756615194147 68.0 7400
1756615196154 68.0 7450
1756615197699 68.0 7500
1756615199224 69.0 7550
1756615200393 70.0 7600
1756615201962 71.0 7650
1756615203555 72.0 7700
1756615204941 72.0 7750
1756615206751 73.0 7800
1756615208447 75.0 7850
1756615209882 75.0 7900
1756615211430 76.0 7950
1756615213328 76.0 8000
1756615214830 76.0 8050
1756615216481 77.0 8100
1756615218027 77.0 8150
1756615219626 78.0 8200
1756615221854 79.0 8250
