1756614957508 50.0 50
1756614959978 97.0 100
1756614961616 147.0 150
1756614963146 197.0 200
1756614964947 247.0 250
1756614966639 297.0 300
1756614968176 347.0 350
1756614969671 397.0 400
1756614971249 447.0 450
1756614972443 497.0 500
1756614974640 546.0 550
1756614976502 596.0 600
1756614977967 646.0 650
1756614979814 694.0 700
1756614981340 744.0 750
1756614983702 794.0 800
1756614985401 843.0 850
1756614986627 893.0 900
1756614988205 943.0 950
1756614989466 992.0 1000
1756614991415 1042.0 1050
1756614992601 1091.0 1100
1756614993911 1138.0 1150
1756614995209 1188.0 1200
1756614997091 1238.0 1250
1756614998687 1288.0 1300
1756615000695 1337.0 1350
1756615002465 1385.0 1400
1756615003969 1435.0 1450
1756615005350 1485.0 1500
1756615006797 1535.0 1550
1756615008301 1584.0 1600
1756615009847 1633.0 1650
1756615010988 1683.0 1700
1756615012566 1733.0 1750
1756615014292 1782.0 1800
1756615015877 1832.0 1850
1756615017349 1882.0 1900
1756615018655 1932.0 1950
1756615020635 1980.0 2000
1756615021925 2030.0 2050
1756615023555 2079.0 2100
1756615024910 2129.0 2150
1756615026582 2178.0 2200
1756615027839 2228.0 2250
1756615029219 2277.0 2300
1756615030837 2326.0 2350
1756615032261 2376.0 2400
1756615033708 2426.0 2450
1756615035051 2476.0 2500
1756615036736 2525.0 2550
1756615038129 2575.0 2600
1756615039629 2625.0 2650
1756615041389 2675.0 2700
1756615042894 2725.0 2750
1756615044314 2775.0 2800
1756615046000 2825.0 2850
1756615047070 2875.0 2900
1756615048471 2925.0 2950
1756615049841 2975.0 3000
1756615051927 3023.0 3050
1756615053532 3073.0 3100
1756615055465 3120.0 3150
1756615056903 3169.0 3200
1756615058643 3219.0 3250
1756615060678 3269.0 3300
1756615062061 3319.0 3350
1756615063685 3368.0 3400
1756615065085 3418.0 3450
1756615066560 3467.0 3500
1756615068760 3516.0 3550
1756615070616 3566.0 3600
1756615072439 3615.0 3650
1756615073624 3664.0 3700
1756615075479 3714.0 3750
1756615077751 3763.0 3800
1756615079378 3813.0 3850
1756615081349 3861.0 3900
1756615082730 3911.0 3950
1756615084350 3961.0 4000
1756615085921 4011.0 4050
1756615087555 4061.0 4100
1756615089574 4110.0 4150
1756615090925 4160.0 4200
1756615092383 4210.0 4250
1756615093806 4260.0 4300
1756615095119 4310.0 4350
1756615096226 4360.0 4400
1756615098125 4410.0 4450
1756615100036 4458.0 4500
1756615101429 4508.0 4550
1756615103239 4558.0 4600
1756615105526 4606.0 4650
1756615108978 4655.0 4700
1756615110450 4705.0 4750
1756615111700 4755.0 4800
1756615112994 4805.0 4850
1756615114557 4855.0 4900
1756615116357 4905.0 4950
1756615118045 4954.0 5000
1756615119278 5003.0 5050
1756615120677 5053.0 5100
1756615122359 5102.0 5150
1756615123851 5150.0 5200
1756615125430 5199.0 5250
1756615126947 5248.0 5300
1756615128370 5297.0 5350
1756615129767 5347.0 5400
1756615131334 5397.0 5450
1756615133063 5444.0 5500
1756615134210 5494.0 5550
1756615135787 5543.0 5600
1756615137302 5593.0 5650
1756615139742 5643.0 5700
1756615141775 5691.0 5750
1756615142996 5741.0 5800
1756615144688 5790.0 5850
1756615146432 5839.0 5900
1756615147322 5889.0 5950
1756615148631 5939.0 6000
1756615150650 5989.0 6050
1756615152111 6038.0 6100
1756615153714 6088.0 6150
1756615155590 6137.0 6200
1756615157053 6187.0 6250
1756615158668 6237.0 6300
1756615160329 6287.0 6350
1756615161709 6337.0 6400
1756615163903 6386.0 6450
1756615165351 6436.0 6500
1756615167426 6486.0 6550
1756615168845 6535.0 6600
1756615170429 6585.0 6650
1756615172022 6635.0 6700
1756615173635 6684.0 6750
1756615174877 6734.0 6800
1756615176531 6784.0 6850
1756615178182 6834.0 6900
1756615179535 6884.0 6950
1756615180852 6934.0 7000
1756615182232 6984.0 7050
1756615184075 7033.0 7100
1756615185520 7083.0 7150
1756615187198 7133.0 7200
1756615189128 7183.0 7250
1756615190755 7233.0 7300
1756615192457 7283.0 7350
1756615194147 7332.0 7400
1756615196154 7382.0 7450
1756615197699 7432.0 7500
1756615199224 7481.0 7550
1756615200393 7530.0 7600
1756615201962 7579.0 7650
1756615203555 7628.0 7700
1756615204941 7678.0 7750
1756615206751 7727.0 7800
1756615208447 7775.0 7850
1756615209882 7825.0 7900
1756615211430 7874.0 7950
1756615213328 7924.0 8000
1756615214830 7974.0 8050
1756615216481 8023.0 8100
1756615218027 8073.0 8150
1756615219626 8122.0 8200
1756615221854 8171.0 8250
