1756614957508 50.0 50
1756614959978 100.0 100
1756614961616 150.0 150
1756614963146 200.0 200
1756614964947 250.0 250
1756614966639 300.0 300
1756614968176 350.0 350
1756614969671 400.0 400
1756614971249 450.0 450
1756614972443 500.0 500
1756614974640 550.0 550
1756614976502 600.0 600
1756614977967 650.0 650
1756614979814 700.0 700
1756614981340 750.0 750
1756614983702 800.0 800
1756614985401 850.0 850
1756614986627 900.0 900
1756614988205 950.0 950
1756614989466 1000.0 1000
1756614991415 1050.0 1050
1756614992601 1100.0 1100
1756614993911 1150.0 1150
1756614995209 1200.0 1200
1756614997091 1250.0 1250
1756614998687 1300.0 1300
1756615000695 1350.0 1350
1756615002465 1400.0 1400
1756615003969 1450.0 1450
1756615005350 1500.0 1500
1756615006797 1550.0 1550
1756615008301 1600.0 1600
1756615009847 1650.0 1650
1756615010988 1700.0 1700
1756615012566 1750.0 1750
1756615014292 1800.0 1800
1756615015877 1850.0 1850
1756615017349 1900.0 1900
1756615018655 1950.0 1950
1756615020635 2000.0 2000
1756615021925 2050.0 2050
1756615023555 2100.0 2100
1756615024910 2150.0 2150
1756615026582 2200.0 2200
1756615027839 2250.0 2250
1756615029219 2300.0 2300
1756615030837 2350.0 2350
1756615032261 2400.0 2400
1756615033708 2450.0 2450
1756615035051 2500.0 2500
1756615036736 2550.0 2550
1756615038129 2600.0 2600
1756615039629 2650.0 2650
1756615041389 2700.0 2700
1756615042894 2750.0 2750
1756615044314 2800.0 2800
1756615046000 2850.0 2850
1756615047070 2900.0 2900
1756615048471 2950.0 2950
1756615049841 3000.0 3000
1756615051927 3050.0 3050
1756615053532 3100.0 3100
1756615055465 3150.0 3150
1756615056903 3200.0 3200
1756615058643 3250.0 3250
1756615060678 3300.0 3300
1756615062061 3350.0 3350
1756615063685 3400.0 3400
1756615065085 3450.0 3450
1756615066560 3500.0 3500
1756615068760 3550.0 3550
1756615070616 3600.0 3600
1756615072439 3650.0 3650
1756615073624 3700.0 3700
1756615075479 3750.0 3750
1756615077751 3800.0 3800
1756615079378 3850.0 3850
1756615081349 3900.0 3900
1756615082730 3950.0 3950
1756615084350 4000.0 4000
1756615085921 4050.0 4050
1756615087555 4100.0 4100
1756615089574 4150.0 4150
1756615090925 4200.0 4200
1756615092383 4250.0 4250
1756615093806 4300.0 4300
1756615095119 4350.0 4350
1756615096226 4400.0 4400
1756615098125 4450.0 4450
1756615100036 4500.0 4500
1756615101429 4550.0 4550
1756615103239 4600.0 4600
1756615105526 4650.0 4650
1756615108978 4700.0 4700
1756615110450 4750.0 4750
1756615111700 4800.0 4800
1756615112994 4850.0 4850
1756615114557 4900.0 4900
1756615116357 4950.0 4950
1756615118045 5000.0 5000
1756615119278 5050.0 5050
1756615120677 5100.0 5100
1756615122359 5150.0 5150
1756615123851 5200.0 5200
1756615125430 5250.0 5250
1756615126947 5300.0 5300
1756615128370 5350.0 5350
1756615129767 5400.0 5400
1756615131334 5450.0 5450
1756615133063 5500.0 5500
1756615134210 5550.0 5550
1756615135787 5600.0 5600
1756615137302 5650.0 5650
1756615139742 5700.0 5700
1756615141775 5750.0 5750
1756615142996 5800.0 5800
1756615144688 5850.0 5850
1756615146432 5900.0 5900
1756615147322 5950.0 5950
1756615148631 6000.0 6000
1756615150650 6050.0 6050
1756615152111 6100.0 6100
1756615153714 6150.0 6150
1756615155590 6200.0 6200
1756615157053 6250.0 6250
1756615158668 6300.0 6300
1756615160329 6350.0 6350
1756615161709 6400.0 6400
1756615163903 6450.0 6450
1756615165351 6500.0 6500
1756615167426 6550.0 6550
1756615168845 6600.0 6600
1756615170429 6650.0 6650
1756615172022 6700.0 6700
1756615173635 6750.0 6750
1756615174877 6800.0 6800
1756615176531 6850.0 6850
1756615178182 6900.0 6900
1756615179535 6950.0 6950
1756615180852 7000.0 7000
1756615182232 7050.0 7050
1756615184075 7100.0 7100
1756615185520 7150.0 7150
1756615187198 7200.0 7200
1756615189128 7250.0 7250
1756615190755 7300.0 7300
1756615192457 7350.0 7350
1756615194147 7400.0 7400
1756615196154 7450.0 7450
1756615197699 7500.0 7500
1756615199224 7550.0 7550
1756615200393 7600.0 7600
1756615201962 7650.0 7650
1756615203555 7700.0 7700
1756615204941 7750.0 7750
1756615206751 7800.0 7800
1756615208447 7850.0 7850
1756615209882 7900.0 7900
1756615211430 7950.0 7950
1756615213328 8000.0 8000
1756615214830 8050.0 8050
1756615216481 8100.0 8100
1756615218027 8150.0 8150
1756615219626 8200.0 8200
1756615221854 8250.0 8250
