1756614957508 1022.0 50
1756614959978 2001.0 100
1756614961616 3103.0 150
1756614963146 3997.0 200
1756614964947 5050.0 250
1756614966639 6016.0 300
1756614968176 6866.0 350
1756614969671 7737.0 400
1756614971249 8677.0 450
1756614972443 9333.0 500
1756614974640 10618.0 550
1756614976502 11823.0 600
1756614977967 12699.0 650
1756614979814 13559.0 700
1756614981340 14528.0 750
1756614983702 16135.0 800
1756614985401 17120.0 850
1756614986627 17863.0 900
1756614988205 18880.0 950
1756614989466 19541.0 1000
1756614991415 20740.0 1050
1756614992601 21374.0 1100
1756614993911 21912.0 1150
1756614995209 22705.0 1200
1756614997091 23879.0 1250
1756614998687 24899.0 1300
1756615000695 26168.0 1350
1756615002465 27137.0 1400
1756615003969 28098.0 1450
1756615005350 28956.0 1500
1756615006797 29844.0 1550
1756615008301 30679.0 1600
1756615009847 31573.0 1650
1756615010988 32220.0 1700
1756615012566 33202.0 1750
1756615014292 34234.0 1800
1756615015877 35237.0 1850
1756615017349 36160.0 1900
1756615018655 37007.0 1950
1756615020635 38148.0 2000
1756615021925 38905.0 2050
1756615023555 39880.0 2100
1756615024910 40728.0 2150
1756615026582 41665.0 2200
1756615027839 42407.0 2250
1756615029219 43214.0 2300
1756615030837 44102.0 2350
1756615032261 44965.0 2400
1756615033708 45857.0 2450
1756615035051 46714.0 2500
1756615036736 47745.0 2550
1756615038129 48600.0 2600
1756615039629 49534.0 2650
1756615041389 50629.0 2700
1756615042894 51601.0 2750
1756615044314 52490.0 2800
1756615046000 53594.0 2850
1756615047070 54177.0 2900
1756615048471 55094.0 2950
1756615049841 55761.0 3000
1756615051927 56828.0 3050
1756615053532 57841.0 3100
1756615055465 58632.0 3150
1756615056903 59414.0 3200
1756615058643 60542.0 3250
1756615060678 61815.0 3300
1756615062061 62610.0 3350
1756615063685 63491.0 3400
1756615065085 64357.0 3450
1756615066560 65212.0 3500
1756615068760 66277.0 3550
1756615070616 67361.0 3600
1756615072439 68383.0 3650
1756615073624 69025.0 3700
1756615075479 70277.0 3750
1756615077751 71642.0 3800
1756615079378 72668.0 3850
1756615081349 73717.0 3900
1756615082730 74494.0 3950
1756615084350 75486.0 4000
1756615085921 76488.0 4050
1756615087555 77479.0 4100
1756615089574 78704.0 4150
1756615090925 79535.0 4200
1756615092383 80449.0 4250
1756615093806 81378.0 4300
1756615095119 82212.0 4350
1756615096226 82882.0 4400
1756615098125 84107.0 4450
1756615100036 85190.0 4500
1756615101429 86048.0 4550
1756615103239 87191.0 4600
1756615105526 88516.0 4650
1756615108978 89749.0 4700
1756615110450 90597.0 4750
1756615111700 91301.0 4800
1756615112994 92081.0 4850
1756615114557 93070.0 4900
1756615116357 94132.0 4950
1756615118045 95111.0 5000
1756615119278 95769.0 5050
1756615120677 96646.0 5100
1756615122359 97638.0 5150
1756615123851 98418.0 5200
1756615125430 99275.0 5250
1756615126947 100104.0 5300
1756615128370 100881.0 5350
1756615129767 101745.0 5400
1756615131334 102746.0 5450
1756615133063 103580.0 5500
1756615134210 104257.0 5550
1756615135787 105151.0 5600
1756615137302 106153.0 5650
1756615139742 107633.0 5700
1756615141775 108669.0 5750
1756615142996 109417.0 5800
1756615144688 110440.0 5850
1756615146432 111440.0 5900
1756615147322 111960.0 5950
1756615148631 112784.0 6000
1756615150650 114125.0 6050
1756615152111 114937.0 6100
1756615153714 115894.0 6150
1756615155590 117066.0 6200
1756615157053 117930.0 6250
1756615158668 118936.0 6300
1756615160329 119901.0 6350
1756615161709 120795.0 6400
1756615163903 122084.0 6450
1756615165351 123042.0 6500
1756615167426 124378.0 6550
1756615168845 125223.0 6600
1756615170429 126229.0 6650
1756615172022 127280.0 6700
1756615173635 128211.0 6750
1756615174877 128980.0 6800
1756615176531 130031.0 6850
1756615178182 131046.0 6900
1756615179535 131818.0 6950
1756615180852 132591.0 7000
1756615182232 133322.0 7050
1756615184075 134445.0 7100
1756615185520 135384.0 7150
1756615187198 136369.0 7200
1756615189128 137527.0 7250
1756615190755 138463.0 7300
1756615192457 139434.0 7350
1756615194147 140346.0 7400
1756615196154 141730.0 7450
1756615197699 142657.0 7500
1756615199224 143527.0 7550
1756615200393 144156.0 7600
1756615201962 145070.0 7650
1756615203555 145973.0 7700
1756615204941 146801.0 7750
1756615206751 147925.0 7800
1756615208447 148797.0 7850
1756615209882 149630.0 7900
1756615211430 150410.0 7950
1756615213328 151453.0 8000
1756615214830 152377.0 8050
1756615216481 153271.0 8100
1756615218027 154189.0 8150
1756615219626 155094.0 8200
1756615221854 156368.0 8250
