1756610760661 0.0 50
1756610762298 4.0 100
1756610763954 4.0 150
1756610765512 4.0 200
1756610767258 4.0 250
1756610768897 4.0 300
1756610770353 5.0 350
1756610771906 6.0 400
1756610773400 7.0 450
1756610774598 9.0 500
1756610776542 11.0 550
1756610778404 11.0 600
1756610779972 13.0 650
1756610781562 15.0 700
1756610783200 16.0 750
1756610785625 18.0 800
1756610787280 19.0 850
1756610788488 19.0 900
1756610790066 22.0 950
1756610791218 25.0 1000
1756610793179 25.0 1050
1756610794267 26.0 1100
1756610795168 32.0 1150
1756610796478 33.0 1200
1756610798381 35.0 1250
1756610800001 35.0 1300
1756610801932 36.0 1350
1756610803473 38.0 1400
1756610804999 38.0 1450
1756610806407 40.0 1500
1756610807892 40.0 1550
1756610809306 41.0 1600
1756610810813 44.0 1650
1756610812002 44.0 1700
1756610813598 45.0 1750
1756610815219 47.0 1800
1756610816816 47.0 1850
1756610818289 48.0 1900
1756610819604 50.0 1950
1756610821431 52.0 2000
1756610822749 52.0 2050
1756610824345 56.0 2100
1756610825722 56.0 2150
1756610827274 57.0 2200
1756610828610 59.0 2250
1756610829932 61.0 2300
1756610831473 62.0 2350
1756610832933 63.0 2400
1756610834534 63.0 2450
1756610835900 65.0 2500
1756610837514 66.0 2550
1756610838935 67.0 2600
1756610840452 67.0 2650
1756610842303 67.0 2700
1756610843921 67.0 2750
1756610845411 70.0 2800
1756610847179 71.0 2850
1756610848175 72.0 2900
1756610849591 75.0 2950
1756610850827 76.0 3000
1756610852789 78.0 3050
1756610854425 79.0 3100
1756610855716 83.0 3150
1756610857019 85.0 3200
1756610858768 85.0 3250
1756610860791 87.0 3300
1756610862142 87.0 3350
1756610863641 88.0 3400
1756610865071 88.0 3450
1756610866463 91.0 3500
1756610868247 93.0 3550
1756610870020 95.0 3600
1756610871737 97.0 3650
1756610872940 98.0 3700
1756610874839 100.0 3750
1756610877106 101.0 3800
1756610878747 104.0 3850
1756610880510 106.0 3900
1756610882583 106.0 3950
1756610884218 106.0 4000
1756610885791 106.0 4050
1756610887446 106.0 4100
1756610889359 107.0 4150
1756610890699 107.0 4200
1756610893073 110.0 4250
1756610894772 110.0 4300
1756610896151 111.0 4350
1756610897278 113.0 4400
1756610899286 115.0 4450
1756610901003 117.0 4500
1756610902631 120.0 4550
1756610904458 120.0 4600
1756610906582 122.0 4650
1756610908461 126.0 4700
1756610909977 127.0 4750
1756610911232 127.0 4800
1756610912519 127.0 4850
1756610914194 129.0 4900
1756610916349 131.0 4950
1756610918195 132.0 5000
1756610919573 133.0 5050
1756610921034 133.0 5100
1756610922605 134.0 5150
1756610923920 136.0 5200
1756610925391 138.0 5250
1756610926867 141.0 5300
1756610928231 143.0 5350
1756610929650 143.0 5400
1756610931200 144.0 5450
1756610932571 147.0 5500
1756610933726 147.0 5550
1756610935179 149.0 5600
1756610936702 150.0 5650
1756610938949 150.0 5700
1756610940652 152.0 5750
1756610941893 152.0 5800
1756610943479 154.0 5850
1756610945114 157.0 5900
1756610946011 158.0 5950
1756610947333 158.0 6000
1756610949364 158.0 6050
1756610950665 160.0 6100
1756610952210 161.0 6150
1756610953984 162.0 6200
1756610955392 163.0 6250
1756610957017 163.0 6300
1756610958564 165.0 6350
1756610960046 167.0 6400
1756610962109 168.0 6450
1756610963575 169.0 6500
1756610965671 170.0 6550
1756610966982 172.0 6600
1756610968573 172.0 6650
1756610970178 172.0 6700
1756610971718 174.0 6750
1756610972974 174.0 6800
1756610974649 174.0 6850
1756610976295 176.0 6900
1756610977646 176.0 6950
1756610978970 177.0 7000
1756610980357 178.0 7050
1756610982107 181.0 7100
1756610983574 181.0 7150
1756610985213 183.0 7200
1756610987037 183.0 7250
1756610988659 185.0 7300
1756610990289 185.0 7350
1756610991744 188.0 7400
1756610993787 188.0 7450
1756610995348 188.0 7500
1756610996803 189.0 7550
1756610997886 190.0 7600
1756610999372 192.0 7650
1756611000883 193.0 7700
1756611002285 193.0 7750
1756611004053 194.0 7800
1756611005446 198.0 7850
1756611006894 199.0 7900
1756611008268 200.0 7950
1756611009937 201.0 8000
1756611011415 201.0 8050
1756611012856 202.0 8100
1756611014310 203.0 8150
1756611015764 204.0 8200
1756611017771 206.0 8250
