1756610760661 50.0 50
1756610762298 96.0 100
1756610763954 146.0 150
1756610765512 196.0 200
1756610767258 246.0 250
1756610768897 296.0 300
1756610770353 345.0 350
1756610771906 394.0 400
1756610773400 443.0 450
1756610774598 491.0 500
1756610776542 539.0 550
1756610778404 589.0 600
1756610779972 637.0 650
1756610781562 685.0 700
1756610783200 734.0 750
1756610785625 782.0 800
1756610787280 831.0 850
1756610788488 881.0 900
1756610790066 928.0 950
1756610791218 975.0 1000
1756610793179 1025.0 1050
1756610794267 1074.0 1100
1756610795168 1118.0 1150
1756610796478 1167.0 1200
1756610798381 1215.0 1250
1756610800001 1265.0 1300
1756610801932 1314.0 1350
1756610803473 1362.0 1400
1756610804999 1412.0 1450
1756610806407 1460.0 1500
1756610807892 1510.0 1550
1756610809306 1559.0 1600
1756610810813 1606.0 1650
1756610812002 1656.0 1700
1756610813598 1705.0 1750
1756610815219 1753.0 1800
1756610816816 1803.0 1850
1756610818289 1852.0 1900
1756610819604 1900.0 1950
1756610821431 1948.0 2000
1756610822749 1998.0 2050
1756610824345 2044.0 2100
1756610825722 2094.0 2150
1756610827274 2143.0 2200
1756610828610 2191.0 2250
1756610829932 2239.0 2300
1756610831473 2288.0 2350
1756610832933 2337.0 2400
1756610834534 2387.0 2450
1756610835900 2435.0 2500
1756610837514 2484.0 2550
1756610838935 2533.0 2600
1756610840452 2583.0 2650
1756610842303 2633.0 2700
1756610843921 2683.0 2750
1756610845411 2730.0 2800
1756610847179 2779.0 2850
1756610848175 2828.0 2900
1756610849591 2875.0 2950
1756610850827 2924.0 3000
1756610852789 2972.0 3050
1756610854425 3021.0 3100
1756610855716 3067.0 3150
1756610857019 3115.0 3200
1756610858768 3165.0 3250
1756610860791 3213.0 3300
1756610862142 3263.0 3350
1756610863641 3312.0 3400
1756610865071 3362.0 3450
1756610866463 3409.0 3500
1756610868247 3457.0 3550
1756610870020 3505.0 3600
1756610871737 3553.0 3650
1756610872940 3602.0 3700
1756610874839 3650.0 3750
1756610877106 3699.0 3800
1756610878747 3746.0 3850
1756610880510 3794.0 3900
1756610882583 3844.0 3950
1756610884218 3894.0 4000
1756610885791 3944.0 4050
1756610887446 3994.0 4100
1756610889359 4043.0 4150
1756610890699 4093.0 4200
1756610893073 4140.0 4250
1756610894772 4190.0 4300
1756610896151 4239.0 4350
1756610897278 4287.0 4400
1756610899286 4335.0 4450
1756610901003 4383.0 4500
1756610902631 4430.0 4550
1756610904458 4480.0 4600
1756610906582 4528.0 4650
1756610908461 4574.0 4700
1756610909977 4623.0 4750
1756610911232 4673.0 4800
1756610912519 4723.0 4850
1756610914194 4771.0 4900
1756610916349 4819.0 4950
1756610918195 4868.0 5000
1756610919573 4917.0 5050
1756610921034 4967.0 5100
1756610922605 5016.0 5150
1756610923920 5064.0 5200
1756610925391 5112.0 5250
1756610926867 5159.0 5300
1756610928231 5207.0 5350
1756610929650 5257.0 5400
1756610931200 5306.0 5450
1756610932571 5353.0 5500
1756610933726 5403.0 5550
1756610935179 5451.0 5600
1756610936702 5500.0 5650
1756610938949 5550.0 5700
1756610940652 5598.0 5750
1756610941893 5648.0 5800
1756610943479 5696.0 5850
1756610945114 5743.0 5900
1756610946011 5792.0 5950
1756610947333 5842.0 6000
1756610949364 5892.0 6050
1756610950665 5940.0 6100
1756610952210 5989.0 6150
1756610953984 6038.0 6200
1756610955392 6087.0 6250
1756610957017 6137.0 6300
1756610958564 6185.0 6350
1756610960046 6233.0 6400
1756610962109 6282.0 6450
1756610963575 6331.0 6500
1756610965671 6380.0 6550
1756610966982 6428.0 6600
1756610968573 6478.0 6650
1756610970178 6528.0 6700
1756610971718 6576.0 6750
1756610972974 6626.0 6800
1756610974649 6676.0 6850
1756610976295 6724.0 6900
1756610977646 6774.0 6950
1756610978970 6823.0 7000
1756610980357 6872.0 7050
1756610982107 6919.0 7100
1756610983574 6969.0 7150
1756610985213 7017.0 7200
1756610987037 7067.0 7250
1756610988659 7115.0 7300
1756610990289 7165.0 7350
1756610991744 7212.0 7400
1756610993787 7262.0 7450
1756610995348 7312.0 7500
1756610996803 7361.0 7550
1756610997886 7410.0 7600
1756610999372 7458.0 7650
1756611000883 7507.0 7700
1756611002285 7557.0 7750
1756611004053 7606.0 7800
1756611005446 7652.0 7850
1756611006894 7701.0 7900
1756611008268 7750.0 7950
1756611009937 7799.0 8000
1756611011415 7849.0 8050
1756611012856 7898.0 8100
1756611014310 7947.0 8150
1756611015764 7996.0 8200
1756611017771 8044.0 8250
