1756610760661 50.0 50
1756610762298 100.0 100
1756610763954 150.0 150
1756610765512 200.0 200
1756610767258 250.0 250
1756610768897 300.0 300
1756610770353 350.0 350
1756610771906 400.0 400
1756610773400 450.0 450
1756610774598 500.0 500
1756610776542 550.0 550
1756610778404 600.0 600
1756610779972 650.0 650
1756610781562 700.0 700
1756610783200 750.0 750
1756610785625 800.0 800
1756610787280 850.0 850
1756610788488 900.0 900
1756610790066 950.0 950
1756610791218 1000.0 1000
1756610793179 1050.0 1050
1756610794267 1100.0 1100
1756610795168 1150.0 1150
1756610796478 1200.0 1200
1756610798381 1250.0 1250
1756610800001 1300.0 1300
1756610801932 1350.0 1350
1756610803473 1400.0 1400
1756610804999 1450.0 1450
1756610806407 1500.0 1500
1756610807892 1550.0 1550
1756610809306 1600.0 1600
1756610810813 1650.0 1650
1756610812002 1700.0 1700
1756610813598 1750.0 1750
1756610815219 1800.0 1800
1756610816816 1850.0 1850
1756610818289 1900.0 1900
1756610819604 1950.0 1950
1756610821431 2000.0 2000
1756610822749 2050.0 2050
1756610824345 2100.0 2100
1756610825722 2150.0 2150
1756610827274 2200.0 2200
1756610828610 2250.0 2250
1756610829932 2300.0 2300
1756610831473 2350.0 2350
1756610832933 2400.0 2400
1756610834534 2450.0 2450
1756610835900 2500.0 2500
1756610837514 2550.0 2550
1756610838935 2600.0 2600
1756610840452 2650.0 2650
1756610842303 2700.0 2700
1756610843921 2750.0 2750
1756610845411 2800.0 2800
1756610847179 2850.0 2850
1756610848175 2900.0 2900
1756610849591 2950.0 2950
1756610850827 3000.0 3000
1756610852789 3050.0 3050
1756610854425 3100.0 3100
1756610855716 3150.0 3150
1756610857019 3200.0 3200
1756610858768 3250.0 3250
1756610860791 3300.0 3300
1756610862142 3350.0 3350
1756610863641 3400.0 3400
1756610865071 3450.0 3450
1756610866463 3500.0 3500
1756610868247 3550.0 3550
1756610870020 3600.0 3600
1756610871737 3650.0 3650
1756610872940 3700.0 3700
1756610874839 3750.0 3750
1756610877106 3800.0 3800
1756610878747 3850.0 3850
1756610880510 3900.0 3900
1756610882583 3950.0 3950
1756610884218 4000.0 4000
1756610885791 4050.0 4050
1756610887446 4100.0 4100
1756610889359 4150.0 4150
1756610890699 4200.0 4200
1756610893073 4250.0 4250
1756610894772 4300.0 4300
1756610896151 4350.0 4350
1756610897278 4400.0 4400
1756610899286 4450.0 4450
1756610901003 4500.0 4500
1756610902631 4550.0 4550
1756610904458 4600.0 4600
1756610906582 4650.0 4650
1756610908461 4700.0 4700
1756610909977 4750.0 4750
1756610911232 4800.0 4800
1756610912519 4850.0 4850
1756610914194 4900.0 4900
1756610916349 4950.0 4950
1756610918195 5000.0 5000
1756610919573 5050.0 5050
1756610921034 5100.0 5100
1756610922605 5150.0 5150
1756610923920 5200.0 5200
1756610925391 5250.0 5250
1756610926867 5300.0 5300
1756610928231 5350.0 5350
1756610929650 5400.0 5400
1756610931200 5450.0 5450
1756610932571 5500.0 5500
1756610933726 5550.0 5550
1756610935179 5600.0 5600
1756610936702 5650.0 5650
1756610938949 5700.0 5700
1756610940652 5750.0 5750
1756610941893 5800.0 5800
1756610943479 5850.0 5850
1756610945114 5900.0 5900
1756610946011 5950.0 5950
1756610947333 6000.0 6000
1756610949364 6050.0 6050
1756610950665 6100.0 6100
1756610952210 6150.0 6150
1756610953984 6200.0 6200
1756610955392 6250.0 6250
1756610957017 6300.0 6300
1756610958564 6350.0 6350
1756610960046 6400.0 6400
1756610962109 6450.0 6450
1756610963575 6500.0 6500
1756610965671 6550.0 6550
1756610966982 6600.0 6600
1756610968573 6650.0 6650
1756610970178 6700.0 6700
1756610971718 6750.0 6750
1756610972974 6800.0 6800
1756610974649 6850.0 6850
1756610976295 6900.0 6900
1756610977646 6950.0 6950
1756610978970 7000.0 7000
1756610980357 7050.0 7050
1756610982107 7100.0 7100
1756610983574 7150.0 7150
1756610985213 7200.0 7200
1756610987037 7250.0 7250
1756610988659 7300.0 7300
1756610990289 7350.0 7350
1756610991744 7400.0 7400
1756610993787 7450.0 7450
1756610995348 7500.0 7500
1756610996803 7550.0 7550
1756610997886 7600.0 7600
1756610999372 7650.0 7650
1756611000883 7700.0 7700
1756611002285 7750.0 7750
1756611004053 7800.0 7800
1756611005446 7850.0 7850
1756611006894 7900.0 7900
1756611008268 7950.0 7950
1756611009937 8000.0 8000
1756611011415 8050.0 8050
1756611012856 8100.0 8100
1756611014310 8150.0 8150
1756611015764 8200.0 8200
1756611017771 8250.0 8250
