1756610760661 1022.0 50
1756610762298 1981.0 100
1756610763954 3085.0 150
1756610765512 3979.0 200
1756610767258 5032.0 250
1756610768897 5998.0 300
1756610770353 6843.0 350
1756610771906 7697.0 400
1756610773400 8638.0 450
1756610774598 9268.0 500
1756610776542 10526.0 550
1756610778404 11731.0 600
1756610779972 12596.0 650
1756610781562 13456.0 700
1756610783200 14424.0 750
1756610785625 15982.0 800
1756610787280 16967.0 850
1756610788488 17711.0 900
1756610790066 18689.0 950
1756610791218 19352.0 1000
1756610793179 20551.0 1050
1756610794267 21185.0 1100
1756610795168 21681.0 1150
1756610796478 22446.0 1200
1756610798381 23576.0 1250
1756610800001 24596.0 1300
1756610801932 25865.0 1350
1756610803473 26835.0 1400
1756610804999 27796.0 1450
1756610806407 28628.0 1500
1756610807892 29519.0 1550
1756610809306 30354.0 1600
1756610810813 31227.0 1650
1756610812002 31874.0 1700
1756610813598 32824.0 1750
1756610815219 33825.0 1800
1756610816816 34828.0 1850
1756610818289 35701.0 1900
1756610819604 36529.0 1950
1756610821431 37670.0 2000
1756610822749 38427.0 2050
1756610824345 39354.0 2100
1756610825722 40202.0 2150
1756610827274 41139.0 2200
1756610828610 41847.0 2250
1756610829932 42631.0 2300
1756610831473 43519.0 2350
1756610832933 44377.0 2400
1756610834534 45270.0 2450
1756610835900 46114.0 2500
1756610837514 47145.0 2550
1756610838935 47992.0 2600
1756610840452 48926.0 2650
1756610842303 50022.0 2700
1756610843921 50994.0 2750
1756610845411 51877.0 2800
1756610847179 52977.0 2850
1756610848175 53452.0 2900
1756610849591 54299.0 2950
1756610850827 54952.0 3000
1756610852789 56019.0 3050
1756610854425 57021.0 3100
1756610855716 57793.0 3150
1756610857019 58574.0 3200
1756610858768 59703.0 3250
1756610860791 60960.0 3300
1756610862142 61757.0 3350
1756610863641 62638.0 3400
1756610865071 63504.0 3450
1756610866463 64357.0 3500
1756610868247 65408.0 3550
1756610870020 66484.0 3600
1756610871737 67505.0 3650
1756610872940 68148.0 3700
1756610874839 69362.0 3750
1756610877106 70729.0 3800
1756610878747 71704.0 3850
1756610880510 72753.0 3900
1756610882583 73531.0 3950
1756610884218 74524.0 4000
1756610885791 75526.0 4050
1756610887446 76517.0 4100
1756610889359 77743.0 4150
1756610890699 78576.0 4200
1756610893073 79403.0 4250
1756610894772 80334.0 4300
1756610896151 81154.0 4350
1756610897278 81799.0 4400
1756610899286 82968.0 4450
1756610901003 84051.0 4500
1756610902631 84864.0 4550
1756610904458 86008.0 4600
1756610906582 87335.0 4650
1756610908461 88463.0 4700
1756610909977 89310.0 4750
1756610911232 90014.0 4800
1756610912519 90799.0 4850
1756610914194 91778.0 4900
1756610916349 92802.0 4950
1756610918195 93783.0 5000
1756610919573 94441.0 5050
1756610921034 95318.0 5100
1756610922605 96310.0 5150
1756610923920 97092.0 5200
1756610925391 97945.0 5250
1756610926867 98733.0 5300
1756610928231 99475.0 5350
1756610929650 100339.0 5400
1756610931200 101339.0 5450
1756610932571 102175.0 5500
1756610933726 102852.0 5550
1756610935179 103697.0 5600
1756610936702 104673.0 5650
1756610938949 106154.0 5700
1756610940652 107190.0 5750
1756610941893 107938.0 5800
1756610943479 108960.0 5850
1756610945114 109830.0 5900
1756610946011 110346.0 5950
1756610947333 111170.0 6000
1756610949364 112520.0 6050
1756610950665 113332.0 6100
1756610952210 114267.0 6150
1756610953984 115440.0 6200
1756610955392 116295.0 6250
1756610957017 117302.0 6300
1756610958564 118251.0 6350
1756610960046 119131.0 6400
1756610962109 120420.0 6450
1756610963575 121377.0 6500
1756610965671 122712.0 6550
1756610966982 123550.0 6600
1756610968573 124557.0 6650
1756610970178 125608.0 6700
1756610971718 126522.0 6750
1756610972974 127291.0 6800
1756610974649 128343.0 6850
1756610976295 129354.0 6900
1756610977646 130126.0 6950
1756610978970 130866.0 7000
1756610980357 131561.0 7050
1756610982107 132653.0 7100
1756610983574 133592.0 7150
1756610985213 134561.0 7200
1756610987037 135721.0 7250
1756610988659 136614.0 7300
1756610990289 137585.0 7350
1756610991744 138454.0 7400
1756610993787 139838.0 7450
1756610995348 140768.0 7500
1756610996803 141638.0 7550
1756610997886 142267.0 7600
1756610999372 143160.0 7650
1756611000883 144063.0 7700
1756611002285 144894.0 7750
1756611004053 146018.0 7800
1756611005446 146860.0 7850
1756611006894 147664.0 7900
1756611008268 148444.0 7950
1756611009937 149475.0 8000
1756611011415 150400.0 8050
1756611012856 151295.0 8100
1756611014310 152213.0 8150
1756611015764 153118.0 8200
1756611017771 154369.0 8250
