1756688850284 0.0 50
1756688932636 0.0 100
1756688934349 0.0 150
1756688935858 0.0 200
1756688937455 0.0 250
1756688939026 0.0 300
1756688940422 0.0 350
1756688941862 0.0 400
1756688943345 0.0 450
1756688944524 0.0 500
1756688958126 0.0 550
1756688959932 0.0 600
1756688961377 0.0 650
1756688995675 0.0 700
1756688997252 0.0 750
1756688999626 0.0 800
1756689020357 0.0 850
1756689021587 0.0 900
1756689023179 0.0 950
1756689046597 0.0 1000
1756689048545 0.0 1050
1756689075018 0.0 1100
1756689144575 0.0 1150
1756689145915 0.0 1200
1756689147810 0.0 1250
1756689149422 0.0 1300
1756689173230 0.0 1350
