1756688850284 50.0 50
1756688932636 100.0 100
1756688934349 150.0 150
1756688935858 200.0 200
1756688937455 250.0 250
1756688939026 300.0 300
1756688940422 350.0 350
1756688941862 400.0 400
1756688943345 450.0 450
1756688944524 500.0 500
1756688958126 550.0 550
1756688959932 600.0 600
1756688961377 650.0 650
1756688995675 700.0 700
1756688997252 750.0 750
1756688999626 800.0 800
1756689020357 850.0 850
1756689021587 900.0 900
1756689023179 950.0 950
1756689046597 1000.0 1000
1756689048545 1050.0 1050
1756689075018 1100.0 1100
1756689144575 1150.0 1150
1756689145915 1200.0 1200
1756689147810 1250.0 1250
1756689149422 1300.0 1300
1756689173230 1350.0 1350
