1756688850284 1051.0 50
1756688932636 2096.0 100
1756688934349 3230.0 150
1756688935858 4151.0 200
1756688937455 5228.0 250
1756688939026 6219.0 300
1756688940422 7088.0 350
1756688941862 7985.0 400
1756688943345 8948.0 450
1756688944524 9621.0 500
1756688958126 10951.0 550
1756688959932 12193.0 600
1756688961377 13091.0 650
1756688995675 14003.0 700
1756688997252 14999.0 750
1756688999626 16656.0 800
1756689020357 17684.0 850
1756689021587 18445.0 900
1756689023179 19491.0 950
1756689046597 20185.0 1000
1756689048545 21413.0 1050
1756689075018 22082.0 1100
1756689144575 22683.0 1150
1756689145915 23500.0 1200
1756689147810 24704.0 1250
1756689149422 25755.0 1300
1756689173230 27075.0 1350
