1756616502762 0.0 50
1756616605558 0.0 100
1756616607328 0.0 150
1756616608861 0.0 200
1756616610464 0.0 250
1756616612031 0.0 300
1756616613416 0.0 350
1756616614845 0.0 400
1756616616330 0.0 450
1756616617514 0.0 500
1756616631389 0.0 550
1756616633209 0.0 600
1756616634644 0.0 650
1756616683230 0.0 700
1756616684842 0.0 750
1756616687228 0.0 800
1756616708672 0.0 850
1756616709903 0.0 900
1756616711494 0.0 950
1756616737746 0.0 1000
1756616739721 0.0 1050
1756616777144 0.0 1100
1756616850778 0.0 1150
1756616852173 0.0 1200
1756616854097 0.0 1250
1756616855708 0.0 1300
1756616890268 0.0 1350
1756616903356 0.0 1400
1756616904908 0.0 1450
1756616906467 0.0 1500
1756616907942 0.0 1550
1756616919335 0.0 1600
1756617039240 0.0 1650
1756617040436 0.0 1700
1756617042027 0.0 1750
1756617051023 0.0 1800
1756617052608 0.0 1850
1756617054071 0.0 1900
1756617055379 0.0 1950
1756617089165 0.0 2000
1756617090749 0.0 2050
1756617100610 0.0 2100
1756617102058 0.0 2150
1756617109216 0.0 2200
1756617110903 0.0 2250
1756617129286 0.0 2300
1756617158507 0.0 2350
1756617159999 0.0 2400
1756617161462 0.0 2450
1756617162870 0.0 2500
1756617225571 0.0 2550
1756617227062 0.0 2600
1756617228588 0.0 2650
1756617230391 0.0 2700
1756617231932 0.0 2750
1756617233432 0.0 2800
1756617235143 0.0 2850
1756617236132 0.0 2900
1756617237599 0.0 2950
1756617238703 0.0 3000
1756617294256 0.0 3050
1756617295947 0.0 3100
1756617379213 0.0 3150
1756617466578 0.0 3200
1756617468440 0.0 3250
1756617470440 0.0 3300
1756617471765 0.0 3350
1756617507689 0.0 3400
1756617509199 0.0 3450
1756617525405 0.0 3500
1756617539916 0.0 3550
1756617541649 0.0 3600
1756617548583 0.0 3650
1756617587818 0.0 3700
1756617589749 0.0 3750
1756617636033 0.0 3800
1756617637766 0.0 3850
1756617753621 0.0 3900
1756617755189 0.0 3950
1756617756875 0.0 4000
1756617758494 0.0 4050
1756617760319 0.0 4100
1756617915329 0.0 4150
1756617916823 0.0 4200
1756617918329 0.0 4250
1756617919767 0.0 4300
1756617921095 0.0 4350
1756617922216 0.0 4400
1756617924149 0.0 4450
1756617940164 0.0 4500
1756617941658 0.0 4550
1756617943511 0.0 4600
1756618002744 0.0 4650
1756618036987 0.0 4700
1756618038494 0.0 4750
1756618039784 0.0 4800
1756618041192 0.0 4850
1756618042769 0.0 4900
1756618044584 0.0 4950
1756618054038 0.0 5000
1756618093179 0.0 5050
1756618094647 0.0 5100
1756618119204 0.0 5150
1756618214836 0.0 5200
1756618230906 0.0 5250
1756618236548 0.0 5300
1756618386108 0.0 5350
1756618387638 0.0 5400
1756618389282 0.0 5450
1756618598367 0.0 5500
1756618599598 0.0 5550
1756618652057 0.0 5600
1756618653652 0.0 5650
1756618655902 0.0 5700
1756618736943 0.0 5750
1756618738305 0.0 5800
1756618757783 0.0 5850
1756618779009 0.0 5900
1756618779997 0.0 5950
1756618781346 0.0 6000
1756618783442 0.0 6050
1756618796994 0.0 6100
1756618798586 0.0 6150
1756618925403 0.0 6200
1756618927065 0.0 6250
1756618928763 0.0 6300
1756618930331 0.0 6350
1756618931739 0.0 6400
1756618961739 0.0 6450
1756618965058 0.0 6500
1756618969534 0.0 6550
1756619011353 0.0 6600
1756619012994 0.0 6650
1756619014605 0.0 6700
1756619027777 0.0 6750
1756619029100 0.0 6800
1756619030884 0.0 6850
1756619032516 0.0 6900
1756619033874 0.0 6950
1756619035235 0.0 7000
1756619036649 0.0 7050
1756619073670 0.0 7100
1756619075218 0.0 7150
1756619076882 0.0 7200
1756619078713 0.0 7250
1756619080350 0.0 7300
1756619081994 0.0 7350
1756619097186 0.0 7400
1756619099274 0.0 7450
1756619100853 0.0 7500
1756619113864 0.0 7550
1756619145856 0.0 7600
1756619165858 0.0 7650
1756619222376 0.0 7700
1756619223832 0.0 7750
1756619228656 0.0 7800
1756619244214 0.0 7850
1756619245726 0.0 7900
1756619264184 0.0 7950
1756619265911 0.0 8000
1756619267417 0.0 8050
1756619274372 0.0 8100
1756619275878 0.0 8150
1756619302772 0.0 8200
1756619326899 0.0 8250
