1756616502762 50.0 50
1756616605558 100.0 100
1756616607328 150.0 150
1756616608861 200.0 200
1756616610464 250.0 250
1756616612031 300.0 300
1756616613416 350.0 350
1756616614845 400.0 400
1756616616330 450.0 450
1756616617514 500.0 500
1756616631389 550.0 550
1756616633209 600.0 600
1756616634644 650.0 650
1756616683230 700.0 700
1756616684842 750.0 750
1756616687228 800.0 800
1756616708672 850.0 850
1756616709903 900.0 900
1756616711494 950.0 950
1756616737746 1000.0 1000
1756616739721 1050.0 1050
1756616777144 1100.0 1100
1756616850778 1150.0 1150
1756616852173 1200.0 1200
1756616854097 1250.0 1250
1756616855708 1300.0 1300
1756616890268 1350.0 1350
1756616903356 1400.0 1400
1756616904908 1450.0 1450
1756616906467 1500.0 1500
1756616907942 1550.0 1550
1756616919335 1600.0 1600
1756617039240 1650.0 1650
1756617040436 1700.0 1700
1756617042027 1750.0 1750
1756617051023 1800.0 1800
1756617052608 1850.0 1850
1756617054071 1900.0 1900
1756617055379 1950.0 1950
1756617089165 2000.0 2000
1756617090749 2050.0 2050
1756617100610 2100.0 2100
1756617102058 2150.0 2150
1756617109216 2200.0 2200
1756617110903 2250.0 2250
1756617129286 2300.0 2300
1756617158507 2350.0 2350
1756617159999 2400.0 2400
1756617161462 2450.0 2450
1756617162870 2500.0 2500
1756617225571 2550.0 2550
1756617227062 2600.0 2600
1756617228588 2650.0 2650
1756617230391 2700.0 2700
1756617231932 2750.0 2750
1756617233432 2800.0 2800
1756617235143 2850.0 2850
1756617236132 2900.0 2900
1756617237599 2950.0 2950
1756617238703 3000.0 3000
1756617294256 3050.0 3050
1756617295947 3100.0 3100
1756617379213 3150.0 3150
1756617466578 3200.0 3200
1756617468440 3250.0 3250
1756617470440 3300.0 3300
1756617471765 3350.0 3350
1756617507689 3400.0 3400
1756617509199 3450.0 3450
1756617525405 3500.0 3500
1756617539916 3550.0 3550
1756617541649 3600.0 3600
1756617548583 3650.0 3650
1756617587818 3700.0 3700
1756617589749 3750.0 3750
1756617636033 3800.0 3800
1756617637766 3850.0 3850
1756617753621 3900.0 3900
1756617755189 3950.0 3950
1756617756875 4000.0 4000
1756617758494 4050.0 4050
1756617760319 4100.0 4100
1756617915329 4150.0 4150
1756617916823 4200.0 4200
1756617918329 4250.0 4250
1756617919767 4300.0 4300
1756617921095 4350.0 4350
1756617922216 4400.0 4400
1756617924149 4450.0 4450
1756617940164 4500.0 4500
1756617941658 4550.0 4550
1756617943511 4600.0 4600
1756618002744 4650.0 4650
1756618036987 4700.0 4700
1756618038494 4750.0 4750
1756618039784 4800.0 4800
1756618041192 4850.0 4850
1756618042769 4900.0 4900
1756618044584 4950.0 4950
1756618054038 5000.0 5000
1756618093179 5050.0 5050
1756618094647 5100.0 5100
1756618119204 5150.0 5150
1756618214836 5200.0 5200
1756618230906 5250.0 5250
1756618236548 5300.0 5300
1756618386108 5350.0 5350
1756618387638 5400.0 5400
1756618389282 5450.0 5450
1756618598367 5500.0 5500
1756618599598 5550.0 5550
1756618652057 5600.0 5600
1756618653652 5650.0 5650
1756618655902 5700.0 5700
1756618736943 5750.0 5750
1756618738305 5800.0 5800
1756618757783 5850.0 5850
1756618779009 5900.0 5900
1756618779997 5950.0 5950
1756618781346 6000.0 6000
1756618783442 6050.0 6050
1756618796994 6100.0 6100
1756618798586 6150.0 6150
1756618925403 6200.0 6200
1756618927065 6250.0 6250
1756618928763 6300.0 6300
1756618930331 6350.0 6350
1756618931739 6400.0 6400
1756618961739 6450.0 6450
1756618965058 6500.0 6500
1756618969534 6550.0 6550
1756619011353 6600.0 6600
1756619012994 6650.0 6650
1756619014605 6700.0 6700
1756619027777 6750.0 6750
1756619029100 6800.0 6800
1756619030884 6850.0 6850
1756619032516 6900.0 6900
1756619033874 6950.0 6950
1756619035235 7000.0 7000
1756619036649 7050.0 7050
1756619073670 7100.0 7100
1756619075218 7150.0 7150
1756619076882 7200.0 7200
1756619078713 7250.0 7250
1756619080350 7300.0 7300
1756619081994 7350.0 7350
1756619097186 7400.0 7400
1756619099274 7450.0 7450
1756619100853 7500.0 7500
1756619113864 7550.0 7550
1756619145856 7600.0 7600
1756619165858 7650.0 7650
1756619222376 7700.0 7700
1756619223832 7750.0 7750
1756619228656 7800.0 7800
1756619244214 7850.0 7850
1756619245726 7900.0 7900
1756619264184 7950.0 7950
1756619265911 8000.0 8000
1756619267417 8050.0 8050
1756619274372 8100.0 8100
1756619275878 8150.0 8150
1756619302772 8200.0 8200
1756619326899 8250.0 8250
