1756616502762 1022.0 50
1756616605558 2038.0 100
1756616607328 3140.0 150
1756616608861 4034.0 200
1756616610464 5087.0 250
1756616612031 6053.0 300
1756616613416 6903.0 350
1756616614845 7774.0 400
1756616616330 8714.0 450
1756616617514 9370.0 500
1756616631389 10664.0 550
1756616633209 11869.0 600
1756616634644 12745.0 650
1756616683230 13631.0 700
1756616684842 14600.0 750
1756616687228 16207.0 800
1756616708672 17207.0 850
1756616709903 17950.0 900
1756616711494 18967.0 950
1756616737746 19644.0 1000
1756616739721 20843.0 1050
1756616777144 21494.0 1100
1756616850778 22079.0 1150
1756616852173 22872.0 1200
1756616854097 24046.0 1250
1756616855708 25066.0 1300
1756616890268 26352.0 1350
1756616903356 27328.0 1400
1756616904908 28289.0 1450
1756616906467 29147.0 1500
1756616907942 30035.0 1550
1756616919335 30876.0 1600
1756617039240 31825.0 1650
1756617040436 32472.0 1700
1756617042027 33454.0 1750
1756617051023 34491.0 1800
1756617052608 35494.0 1850
1756617054071 36417.0 1900
1756617055379 37264.0 1950
1756617089165 38425.0 2000
1756617090749 39182.0 2050
1756617100610 40161.0 2100
1756617102058 41009.0 2150
1756617109216 41949.0 2200
1756617110903 42691.0 2250
1756617129286 43504.0 2300
1756617158507 44404.0 2350
1756617159999 45267.0 2400
1756617161462 46159.0 2450
1756617162870 47016.0 2500
1756617225571 48084.0 2550
1756617227062 48939.0 2600
1756617228588 49873.0 2650
1756617230391 50968.0 2700
1756617231932 51940.0 2750
1756617233432 52829.0 2800
1756617235143 53933.0 2850
1756617236132 54516.0 2900
1756617237599 55433.0 2950
1756617238703 56100.0 3000
1756617294256 57198.0 3050
1756617295947 58211.0 3100
1756617379213 59045.0 3150
1756617466578 59876.0 3200
1756617468440 61004.0 3250
1756617470440 62277.0 3300
1756617471765 63072.0 3350
1756617507689 63977.0 3400
1756617509199 64843.0 3450
1756617525405 65705.0 3500
1756617539916 66777.0 3550
1756617541649 67861.0 3600
1756617548583 68887.0 3650
1756617587818 69545.0 3700
1756617589749 70797.0 3750
1756617636033 72195.0 3800
1756617637766 73221.0 3850
1756617753621 74310.0 3900
1756617755189 75087.0 3950
1756617756875 76079.0 4000
1756617758494 77081.0 4050
1756617760319 78072.0 4100
1756617915329 79356.0 4150
1756617916823 80187.0 4200
1756617918329 81101.0 4250
1756617919767 82030.0 4300
1756617921095 82864.0 4350
1756617922216 83534.0 4400
1756617924149 84759.0 4450
1756617940164 85847.0 4500
1756617941658 86705.0 4550
1756617943511 87848.0 4600
1756618002744 89199.0 4650
1756618036987 90449.0 4700
1756618038494 91297.0 4750
1756618039784 92001.0 4800
1756618041192 92781.0 4850
1756618042769 93770.0 4900
1756618044584 94832.0 4950
1756618054038 95816.0 5000
1756618093179 96495.0 5050
1756618094647 97372.0 5100
1756618119204 98379.0 5150
1756618214836 99207.0 5200
1756618230906 100073.0 5250
1756618236548 100903.0 5300
1756618386108 101741.0 5350
1756618387638 102605.0 5400
1756618389282 103606.0 5450
1756618598367 104579.0 5500
1756618599598 105256.0 5550
1756618652057 106181.0 5600
1756618653652 107183.0 5650
1756618655902 108663.0 5700
1756618736943 109741.0 5750
1756618738305 110489.0 5800
1756618757783 111522.0 5850
1756618779009 112531.0 5900
1756618779997 113051.0 5950
1756618781346 113875.0 6000
1756618783442 115216.0 6050
1756618796994 116037.0 6100
1756618798586 116994.0 6150
1756618925403 118203.0 6200
1756618927065 119067.0 6250
1756618928763 120073.0 6300
1756618930331 121038.0 6350
1756618931739 121932.0 6400
1756618961739 123226.0 6450
1756618965058 124184.0 6500
1756618969534 125520.0 6550
1756619011353 126374.0 6600
1756619012994 127380.0 6650
1756619014605 128431.0 6700
1756619027777 129370.0 6750
1756619029100 130139.0 6800
1756619030884 131190.0 6850
1756619032516 132205.0 6900
1756619033874 132977.0 6950
1756619035235 133750.0 7000
1756619036649 134481.0 7050
1756619073670 135622.0 7100
1756619075218 136561.0 7150
1756619076882 137546.0 7200
1756619078713 138704.0 7250
1756619080350 139640.0 7300
1756619081994 140611.0 7350
1756619097186 141530.0 7400
1756619099274 142914.0 7450
1756619100853 143841.0 7500
1756619113864 144717.0 7550
1756619145856 145365.0 7600
1756619165858 146287.0 7650
1756619222376 147219.0 7700
1756619223832 148047.0 7750
1756619228656 149172.0 7800
1756619244214 150052.0 7850
1756619245726 150885.0 7900
1756619264184 151678.0 7950
1756619265911 152721.0 8000
1756619267417 153645.0 8050
1756619274372 154542.0 8100
1756619275878 155460.0 8150
1756619302772 156378.0 8200
1756619326899 157666.0 8250
